1000
4 0
712 532 740 1854 
1339 2211 1951 4452 
548 3470 1198 3511 
3327 4182 2843 473 
1851 3773 3784 4857 
3565 1878 4188 672 
3628 3996 2818 1121 
3758 2900 1443 3734 
4578 2153 4997 2082 
3156 3040 1599 4229 
4517 2295 4388 4283 
3484 1478 323 1430 
4409 3767 4058 418 
499 4905 3248 2313 
502 2661 953 3319 
3098 1310 4839 3640 
1928 1843 3992 2100 
3793 2057 3209 2719 
4852 3113 1487 4016 
3898 4976 4424 2734 
3328 3104 4047 3520 
524 2089 1129 2275 
4172 2218 2952 2912 
1737 702 3636 4983 
4525 4186 453 680 
241 2280 1559 4490 
3833 2270 1224 2394 
1036 4402 977 1079 
672 1380 3872 4241 
4981 3703 1775 4634 
633 3246 2984 3313 
4437 1220 639 824 
1781 747 3095 2261 
503 4451 4947 3242 
1508 4330 3663 3712 
3762 2166 4410 4750 
3868 4856 2616 2384 
2273 4682 3508 690 
2290 4707 4365 4915 
226 934 3702 1938 
4128 1073 127 4098 
1763 4641 1693 1502 
3980 50 849 3287 
697 4498 2184 252 
1273 4166 4965 3952 
691 3793 1188 3272 
3171 3127 2304 1379 
2433 995 2152 4108 
1434 1522 1102 795 
1813 1306 3120 75 
4921 514 3669 2660 
4661 1744 4644 1134 
4599 2717 4188 3241 
1769 609 351 1401 
4505 4004 1235 877 
4388 1515 3376 3658 
755 663 1910 651 
2765 4775 677 878 
3656 2727 1556 4270 
1449 615 1444 1003 
3378 3793 4566 971 
3922 442 3899 956 
3250 964 133 4349 
2292 1579 2803 3057 
2118 505 629 4642 
1292 1738 1421 3417 
65 4110 1426 4628 
1328 2035 4139 1848 
3743 2330 867 3352 
4475 1612 3731 4239 
4866 4335 3097 4252 
2247 3270 456 757 
3579 2029 2001 1526 
3314 3540 3386 4287 
3548 4921 61 468 
4199 1278 3975 4959 
2720 1244 216 3933 
4200 4887 3518 2169 
3074 1518 3330 4130 
2071 495 2438 4792 
1363 21 3299 2929 
3690 3330 599 2445 
447 1980 4501 44 
3486 3682 22 1856 
4413 2747 4057 3263 
1578 1788 832 2583 
173 2543 2646 2179 
4911 3579 656 3018 
90 771 1231 1998 
4308 4615 1845 2321 
4054 1052 99 4798 
2793 3081 2617 4797 
501 949 1376 3464 
2224 140 3260 3513 
4833 2382 2120 354 
3463 3095 4359 806 
474 754 1512 2384 
4624 533 3198 446 
3685 3596 2612 3469 
784 4018 2355 527 
3436 2533 3393 1659 
237 4693 530 517 
4213 2582 1838 3167 
1217 3756 2315 139 
1954 2138 2162 3043 
4639 1978 2298 2505 
434 1909 2966 803 
1760 2974 554 940 
1350 1119 3421 3733 
1900 428 4221 3947 
1296 4368 1801 2890 
4069 1460 2051 4867 
4688 2916 2153 276 
2025 131 500 4841 
3084 4864 4953 2609 
1817 3441 736 4692 
1546 1256 1624 151 
4330 1143 252 2140 
303 1677 2830 2523 
4224 4581 1256 1052 
77 3185 3301 246 
507 4006 2863 2967 
3823 2823 88 1227 
1095 4905 4201 1807 
3968 1344 1457 479 
4173 3419 1584 3395 
1186 607 741 2339 
2813 4275 2838 972 
2140 3922 757 4243 
675 3260 4509 1825 
1780 4547 2971 4303 
3996 1090 3386 1773 
4450 3060 2132 4565 
1561 1190 3660 4317 
4958 2648 1956 1003 
4912 4794 2749 327 
1226 2877 346 1980 
88 3474 678 2607 
4425 3523 777 1184 
76 2381 3365 4662 
4970 891 4035 1514 
3244 527 3785 3661 
2165 1362 4416 3765 
2683 2095 4335 4601 
1796 217 2599 3650 
1404 125 2579 4103 
73 1623 1771 3303 
3854 3200 3287 1837 
2960 4797 4107 3914 
3055 2268 4288 779 
1035 2127 4180 3858 
3905 3246 2322 2922 
2355 823 2150 910 
3311 785 755 3586 
486 594 3202 4509 
2371 886 1288 226 
2307 1089 67 3921 
3873 4912 4117 4507 
4292 597 1455 4527 
4950 4509 1426 4160 
2502 3787 2170 3210 
1132 114 3106 1252 
4341 508 4405 4434 
2546 1571 4621 3439 
4501 2357 2629 4983 
2169 4299 3555 1677 
2506 998 4471 4496 
4854 4791 4071 2950 
2158 2256 993 1 
1523 1222 4934 2522 
2501 2457 4364 3871 
634 1903 4617 3242 
1842 2876 4775 1699 
4803 2883 1361 2130 
3792 1850 4775 4034 
1959 625 4185 1518 
4224 4430 3285 1528 
253 2198 3631 3325 
2858 1421 4177 4566 
573 192 1474 3299 
857 2647 4402 3496 
1981 3453 3245 4900 
914 61 1665 4097 
1169 1817 1823 4511 
1988 3197 2788 2038 
354 579 1101 1721 
433 3179 2253 2336 
334 3229 1146 2287 
4828 4681 1507 4761 
3296 2500 1563 1018 
4024 1379 2927 4867 
3228 356 3372 4443 
776 3793 3938 3880 
2404 2219 629 4679 
404 2847 4557 2945 
1988 892 3983 4485 
1321 1360 4186 1940 
1008 755 2978 2752 
3199 4328 1647 2327 
984 3227 652 80 
1704 2380 4197 4997 
487 909 3322 4271 
1046 2325 1177 2160 
4524 4913 1046 2619 
820 1658 4293 3106 
789 1874 1300 402 
4757 649 697 4326 
2079 420 2505 3405 
2033 2973 3396 572 
897 4881 978 3076 
2342 4443 1032 4896 
3591 362 3672 1975 
1246 196 4915 2446 
4570 3356 2222 314 
1280 2314 1981 2330 
4174 826 1132 4158 
254 2687 2051 4325 
4785 4578 4296 2046 
3685 4485 2982 3073 
2463 2540 4456 3825 
3274 4199 4315 2423 
3788 2238 3493 2966 
2464 4727 3642 2038 
853 1681 4050 2226 
3014 4048 3758 2218 
4968 4659 3641 3139 
1699 3760 425 4157 
2030 4172 249 2143 
3315 2863 3965 151 
349 4441 2367 1188 
659 2813 3603 3301 
4521 796 1381 3062 
1031 148 1941 3049 
4058 1068 2734 1309 
2608 4257 684 327 
1022 1972 1147 2383 
722 1784 566 392 
3961 2513 4167 2509 
3608 3561 2009 3628 
3270 3593 1641 3961 
1764 3395 3575 2691 
2492 1658 1244 1119 
3013 998 1254 2736 
1246 4252 4824 904 
4711 4155 2043 1038 
4490 3924 3788 2945 
3137 4425 2363 1366 
4638 2751 175 4670 
2292 3100 4709 3177 
111 974 3827 1368 
4502 1601 1162 4247 
1880 3904 3019 4258 
204 4033 3570 2679 
2881 1959 4812 2747 
2124 840 3254 4652 
2370 4491 4463 4086 
2749 13 2030 971 
2202 2374 991 3961 
235 2638 4580 4565 
2915 2826 872 1971 
3224 3056 3729 3862 
863 1740 4842 1069 
1267 1019 1946 4244 
3965 3782 894 4541 
2105 1864 4834 964 
4062 489 4618 779 
3941 1354 2957 2356 
3331 3682 2881 4875 
2608 4890 4971 2573 
4707 4617 110 2565 
4913 2943 2756 1582 
1164 1940 2717 2027 
2716 4213 2250 3582 
2959 3436 2375 91 
652 2991 3197 1543 
1104 3658 4602 1256 
2074 1543 3765 4854 
1600 1261 17 776 
3491 3285 2065 3764 
1415 3689 1 3862 
1291 1957 708 2307 
2933 2799 2070 877 
3776 3359 534 4001 
658 3842 721 619 
2533 3788 1409 1470 
4544 3995 1311 4213 
3138 51 2415 4941 
816 188 1069 1692 
2532 3842 2692 1856 
4281 2910 1248 2004 
3162 3330 4439 186 
4089 3860 1373 1661 
1904 1196 2593 1467 
1417 3703 1916 779 
4649 1817 1282 793 
4625 2172 3829 4260 
1398 2710 3986 3269 
2525 1439 3135 4407 
1567 4054 2052 4018 
2720 1056 1121 166 
4801 2271 1407 4767 
375 2935 3395 473 
4101 4260 1304 1714 
4060 908 1514 1005 
2723 2065 4683 4260 
3005 149 1986 3878 
3839 2224 2376 2171 
254 1054 806 2383 
1587 3067 3688 1475 
1818 3589 1312 4593 
2257 2578 4582 357 
4116 1058 2671 4352 
749 4392 1662 1751 
4328 3472 1708 1041 
4542 1429 1491 1609 
978 601 3406 1659 
4751 1104 4280 2683 
4523 2980 1402 952 
3686 1212 825 4825 
4496 3252 4347 1258 
295 338 4225 280 
4225 4626 807 2877 
2676 2840 2642 3147 
4137 4643 3868 137 
2245 992 1528 3819 
3953 2645 2695 2803 
2728 2581 2500 2636 
3122 2675 4219 4747 
2237 4637 2078 23 
4476 2297 745 3776 
3752 684 4165 3110 
2762 1187 866 455 
2122 1409 3725 3250 
480 2143 864 2798 
4375 4935 1861 70 
203 362 977 3514 
2446 4968 2195 3772 
3365 4138 795 3809 
407 1979 2763 1151 
4895 4284 2046 1744 
3573 1862 3606 588 
2131 4870 2331 2877 
1876 3250 4335 1064 
4255 1033 940 1194 
4097 2036 229 4038 
4642 1406 1187 3448 
4624 4780 2535 37 
3423 4306 1608 4951 
2904 2405 2212 2525 
2217 617 1141 2898 
3893 3599 319 1755 
1151 1610 1767 3902 
649 990 3783 2448 
108 3760 4491 2281 
1580 1262 1877 2014 
357 1080 2834 66 
1331 596 2806 1600 
4638 2788 47 601 
4771 132 827 3315 
1250 2719 98 4177 
745 3699 3007 1966 
4930 3272 3359 3983 
4751 3658 4822 262 
3222 236 4835 3194 
4259 4396 433 1652 
1576 2110 3231 4247 
2991 1926 4686 1610 
1265 2952 1601 3448 
2996 4484 4189 1925 
4643 4223 508 760 
2358 5 4832 380 
1531 1764 2370 448 
3385 1380 2394 3230 
3018 1897 835 1962 
223 3558 2932 437 
2158 4908 1748 3692 
3017 4278 2902 954 
3928 1155 4776 2595 
3724 3833 3853 227 
888 2331 3973 2455 
2014 228 1978 2145 
983 3517 3569 1823 
1587 395 1240 1256 
3710 4774 1330 4430 
2266 2134 1276 3261 
4611 185 3517 371 
1401 4931 202 4428 
2937 4943 626 2570 
4909 3 1852 3788 
1026 3599 804 3043 
2937 1467 4676 490 
2595 628 339 943 
2519 980 1403 3072 
3881 3884 1476 1497 
520 608 2188 1783 
2416 3841 1913 1454 
3535 1653 3645 2484 
4710 211 4529 4915 
3736 4459 2878 1264 
905 4183 3794 3040 
3866 3242 4029 1660 
1206 1342 4818 3937 
2669 2660 185 4414 
4171 749 3056 409 
4666 438 471 1922 
2569 2696 1495 2623 
4138 2103 329 1546 
4996 4017 2777 2134 
512 3993 3623 1124 
986 2309 521 2689 
1221 2638 3043 2118 
3995 2484 1045 4582 
708 187 4678 3283 
4454 4687 1155 4934 
3713 3603 190 836 
3655 3416 1549 3364 
2284 1018 4175 1120 
1559 1094 4274 314 
3103 1423 1953 1962 
3661 2635 4831 1766 
2681 3366 2112 2729 
2036 2842 394 2093 
1852 4281 4962 1181 
4082 4471 4642 1781 
2393 1915 4259 4405 
779 231 3107 3163 
4634 4478 1920 4122 
382 1391 4541 2391 
4140 2580 1226 2037 
104 4614 3995 4580 
1989 556 1736 4959 
4015 2703 261 4260 
2191 2484 2730 4963 
2040 475 2768 2185 
1767 1319 3506 4486 
2562 4880 4184 4129 
2898 1253 1114 2949 
186 2275 2698 3424 
1883 1377 3865 3446 
4348 427 1707 2209 
2405 4365 4468 1948 
1202 704 3373 2907 
2729 3136 3766 2369 
2356 622 4652 336 
3024 3200 2569 2697 
1496 3561 2482 105 
1561 2082 2552 3499 
4314 516 4150 4242 
4595 1915 4069 1122 
2472 3895 3663 1393 
2733 212 169 9 
959 4300 1983 2958 
2081 1527 481 1819 
1042 2446 174 2749 
425 4389 1463 816 
4766 4423 696 4923 
3860 667 3280 3565 
745 693 3338 4608 
2258 3677 1212 1938 
2395 1715 4527 2975 
2318 2953 757 2703 
4934 4746 3031 165 
2684 1723 1156 2238 
4007 2328 3059 3829 
2221 154 3454 610 
297 1183 4168 4338 
2784 4632 3305 2047 
4739 140 397 3929 
1 3002 1571 1897 
4228 2244 4061 2977 
1126 4495 4223 3489 
2039 479 1170 4799 
821 573 513 2793 
1681 3765 224 3897 
269 4922 1419 342 
2167 2555 3604 2223 
1632 547 4693 2358 
3040 697 3908 3226 
727 3331 2763 3555 
4435 635 3848 4559 
636 3682 2469 4381 
4531 2305 4146 2071 
173 1125 2852 2717 
1797 4706 3392 820 
2919 4115 1060 3416 
1756 937 2120 2288 
268 4449 4488 4969 
1797 4240 4264 3864 
4661 2338 3244 4431 
1763 708 3730 3929 
4738 3680 300 2320 
2725 368 526 4513 
131 4081 2247 1522 
3780 1225 1074 1331 
3878 722 4761 4736 
4055 2381 3136 573 
3116 2672 1512 1525 
359 4373 2952 3757 
4029 2142 3844 4793 
1253 4053 4180 3820 
1724 2714 721 2825 
2582 1839 1590 52 
2082 2554 3517 2985 
210 2060 1019 3113 
3248 308 658 4118 
3922 2846 1186 3883 
1805 4569 2711 4416 
3970 110 2087 1927 
2328 4920 3587 1128 
4182 597 753 4154 
4390 4393 720 3435 
4328 4723 4948 4889 
2992 3394 1847 56 
3567 0 173 2394 
4193 3866 2352 1796 
2012 3043 4286 3469 
4313 946 4838 838 
1235 3983 4585 125 
3388 620 796 341 
339 2758 3985 2845 
1808 3284 1601 2367 
2574 2030 912 4314 
4469 1157 2860 4299 
4741 3812 4089 1806 
3913 3973 3170 3134 
2168 564 1365 4094 
2654 2911 3618 453 
2645 3231 2223 4120 
636 2498 26 1430 
839 2358 4079 1351 
2867 4381 4204 3505 
6 4286 2747 2368 
856 591 3920 105 
3251 1836 4293 4787 
3880 3510 4848 3138 
4171 183 1208 824 
56 983 3964 16 
3365 1796 974 1212 
3494 1518 2180 4219 
4338 4671 4543 4255 
4153 1779 1958 484 
2729 3677 2812 963 
1259 1294 2882 2908 
2677 942 468 4782 
1501 4158 1885 2470 
4447 3708 4061 1192 
2147 3462 2941 4774 
2591 680 2235 4574 
2418 2337 2633 1811 
3586 2274 3624 1447 
4368 4372 3552 2051 
539 390 4294 3554 
2912 1867 1182 728 
2982 1837 1795 2173 
775 1314 2872 3424 
2813 409 3739 4613 
2015 4381 2394 191 
4805 1456 4292 2214 
475 1404 1564 933 
2060 582 2905 4955 
3857 861 3238 3551 
2993 819 3890 2484 
1362 2475 3922 1914 
1535 204 3619 3809 
2067 4314 2424 3720 
4994 3626 4658 789 
2321 3186 4425 3244 
719 3300 4224 2980 
661 1303 1930 3799 
3618 1554 2972 3780 
1083 375 4843 3373 
4044 3903 3362 2670 
1117 2494 3978 1584 
4351 112 804 349 
4404 75 4633 4070 
353 263 512 91 
1496 3863 4077 605 
2853 2080 3436 1975 
3086 4162 1650 4893 
4547 2710 2195 3502 
4191 4019 3183 3733 
4018 3564 2087 2698 
1740 3154 1935 2237 
3155 1951 881 3335 
285 2313 728 814 
4224 3377 2664 3972 
4438 2372 1445 555 
1228 512 4665 4323 
4880 77 3017 402 
3684 3856 2266 2654 
2277 2266 4363 745 
3727 4743 4349 65 
2859 1289 4757 2244 
3971 3172 1534 4306 
4718 248 3852 1831 
3773 973 850 1284 
153 436 3014 3360 
575 1091 3513 4967 
632 3979 139 532 
4051 1661 4384 3719 
2892 90 186 521 
1776 4671 1761 2752 
4724 2850 3846 4453 
3456 28 4090 3504 
3283 1532 4755 2824 
177 2870 2906 1135 
1711 4112 3690 1018 
539 4538 3588 3654 
236 2774 4034 2819 
3491 2391 4012 2150 
581 4092 3739 1732 
3631 1786 692 4186 
4120 1704 759 606 
1348 312 4856 4402 
2160 1840 2069 1309 
1055 2042 1565 1368 
1761 2540 3843 1844 
1845 4870 4763 572 
2768 720 4570 3972 
2148 30 1729 538 
3802 774 2747 4385 
3367 668 4711 3191 
615 3940 4405 4010 
206 2716 1006 2869 
3628 2802 1653 2927 
1164 4884 1926 2227 
4489 818 125 3006 
1857 1850 4626 1302 
2521 4194 4948 92 
1405 4151 4285 3353 
1838 4224 2032 1605 
4848 3098 3426 4501 
2222 2948 4701 1001 
3622 4383 338 1180 
4585 4895 2052 3928 
4950 4790 2936 918 
3281 3202 4113 3010 
4077 2227 4620 813 
3887 1157 2832 1857 
36 492 3873 490 
1553 785 1966 4472 
2928 310 2638 3391 
1309 1761 777 3894 
2362 790 2087 916 
898 1482 537 1596 
3921 4578 4139 928 
885 32 4967 1434 
4974 2671 4152 1997 
4575 1253 1935 3167 
2807 3938 600 4369 
706 2340 2032 3478 
2574 3339 4108 3679 
64 2366 3647 2019 
4131 2615 3600 993 
105 444 2442 2169 
1658 1562 4583 1353 
2074 5000 2794 4678 
3128 205 4727 301 
3957 888 3508 3745 
4215 4484 3588 1200 
1559 4681 4567 3097 
4526 2212 3287 1135 
56 4398 4102 2262 
3447 2194 3305 730 
345 3551 1624 4240 
4464 2747 4954 395 
595 1734 2552 1315 
2230 2436 1482 3322 
4265 3413 1458 3650 
3809 3858 1295 921 
1246 4885 2785 3077 
2229 1387 3059 3564 
2733 4930 3577 1953 
2088 2738 3872 578 
97 467 2842 3708 
4432 77 4486 3142 
4013 3820 1137 1169 
1609 1142 197 4343 
1224 2596 4645 773 
2686 2604 4102 3027 
4162 665 3044 4916 
3849 4670 3391 3018 
1986 1341 3944 4991 
441 2309 2467 4386 
4058 2337 2986 4352 
3785 3225 836 4966 
4183 1263 154 3398 
1707 211 3116 1750 
4603 477 4728 3134 
3868 378 3618 2413 
13 4827 1230 3214 
4921 4037 183 2493 
300 836 2019 759 
1944 228 754 3270 
71 2592 4609 1117 
4531 2764 2880 4011 
1053 405 2837 1935 
3640 4901 1389 3592 
3356 2189 592 4135 
2300 4142 3161 1205 
2174 1591 1228 3133 
785 3740 3800 1575 
4945 2791 2712 3109 
1472 3829 2954 3022 
3413 4859 3190 4959 
4204 368 3640 846 
3636 2790 869 2764 
2826 1096 2913 2096 
2337 2849 4576 1446 
1986 3910 3415 3888 
3271 3488 1216 144 
225 3710 2978 2917 
4834 801 1857 1631 
4802 3295 3610 3010 
100 4003 3739 1986 
444 2873 642 496 
4330 4945 105 4324 
1809 1684 392 2436 
4041 2790 3777 359 
2478 4196 1756 3987 
134 3807 444 4347 
1499 2189 1959 1410 
4258 2465 1659 420 
2108 1500 265 4709 
3657 842 2032 3943 
1075 2200 4426 3558 
3583 2510 419 1280 
944 3214 4770 4375 
4276 1598 2278 4339 
1860 2908 2673 486 
1057 2588 4641 793 
3005 3949 1845 4980 
1270 1650 4264 1822 
4687 3706 2753 1355 
2409 4321 408 920 
2967 2504 259 2283 
4518 731 2669 4945 
180 3550 4535 1287 
3211 4006 4317 285 
446 3073 4356 2418 
3981 730 4746 4500 
2785 4666 4738 2602 
2647 1214 4075 3953 
1837 1062 2984 4819 
4272 605 568 1829 
1648 2144 3997 4073 
4468 4682 3416 4689 
4558 461 3399 1181 
2346 1135 2588 1298 
1018 512 2983 1013 
2606 1022 2093 3036 
340 2118 1116 1149 
3020 542 4281 998 
3478 2673 3875 4144 
66 2007 4548 4830 
1963 462 2467 3396 
1158 4530 1304 3557 
718 2782 1690 2903 
4514 3988 3356 1959 
602 502 1940 4751 
41 1643 2965 3702 
3503 3086 1627 2558 
2775 4178 2466 3280 
1451 809 4705 1733 
4659 2935 75 1233 
383 469 245 2925 
1282 1237 1160 2320 
3001 1008 4067 463 
2121 3042 3534 1664 
1038 3114 1123 773 
2694 1561 584 2421 
1669 2613 4925 1089 
4497 3025 3878 4050 
701 4707 4044 3490 
2991 1511 1626 1436 
1043 4633 1609 1639 
4590 3074 1239 4399 
2217 589 3790 4538 
2796 4919 3659 801 
3351 3505 4489 669 
4712 1234 4610 4040 
1724 3688 177 1693 
4280 3347 510 2889 
3275 4277 184 2820 
3296 1088 4493 4883 
1428 802 1944 1261 
4867 2592 63 923 
1223 93 2569 4469 
806 4923 1825 1967 
3710 1940 4526 1317 
758 4184 3202 1205 
2488 1709 569 4633 
3830 1330 2396 3705 
502 4655 675 1120 
3094 1302 2869 4248 
2592 326 386 4930 
692 3529 4757 1068 
4275 1998 2859 3033 
350 1521 1457 1248 
4091 4636 3810 864 
1693 250 185 184 
3526 4893 1240 3225 
4134 4035 673 1528 
531 3264 3903 1367 
1336 556 3842 4153 
0 109 2493 3970 
2364 349 4798 3003 
3747 1760 535 965 
1455 1717 2409 1050 
307 108 1940 448 
773 856 1932 2059 
3250 4494 2922 1306 
1254 947 2638 4493 
3817 2609 3262 2776 
1564 3935 1041 4801 
541 182 1278 2113 
1125 4888 3328 2431 
1049 1430 2191 1352 
1518 2051 3150 2308 
3170 3366 3619 4227 
2113 2677 14 829 
3908 2180 2877 4485 
3673 4327 1297 949 
1347 4463 3250 3747 
1708 4660 2824 3312 
2585 3780 1119 2425 
4756 4651 3213 3509 
2765 3114 4601 2880 
389 350 3485 4045 
4584 4174 2618 2022 
3260 4956 4954 187 
3464 2856 2762 3923 
1322 1965 1556 2384 
4918 4325 600 3576 
411 1243 1433 2508 
3364 3800 252 1287 
3191 3270 3507 1729 
1429 1597 3769 1498 
90 3111 1734 3157 
3061 1298 4087 2978 
2545 1750 1192 2197 
2763 1936 3013 4899 
357 4925 4106 1076 
205 2312 1109 3983 
44 3134 1694 1414 
1527 4232 3599 1903 
4406 1603 3622 4900 
3226 3923 2858 4851 
2477 2778 444 1044 
1548 2606 2105 3736 
214 519 1955 1759 
1387 2636 340 4819 
2135 2925 4744 1200 
2751 2292 2751 3430 
22 3723 4661 4619 
3510 2831 1395 399 
503 1311 2284 81 
999 310 2399 1420 
4654 3524 937 1577 
3421 3537 817 2270 
1489 408 2654 2866 
4043 4009 4302 4888 
1531 334 4093 518 
3916 2819 625 3820 
4479 2826 2454 3671 
2296 429 3611 74 
71 1903 378 27 
1175 3654 4829 1936 
99 4779 4311 3330 
300 3284 2971 3018 
58 16 3732 2595 
925 4643 11 3620 
601 4274 3243 458 
4567 4571 2338 3377 
2043 1652 2896 1087 
1814 442 596 3535 
3893 4721 2945 3626 
1493 4395 1503 777 
4255 3967 4803 4113 
947 2544 1572 1076 
713 830 3535 2339 
4511 4429 542 3457 
709 2611 2577 2730 
1808 3038 2425 4324 
2281 1575 1621 4279 
4671 3241 4037 3238 
86 2857 214 4180 
1080 678 4882 4421 
2177 3590 2255 4673 
3132 3946 4426 1807 
4662 1924 844 1912 
4736 2377 3030 3209 
2858 4456 1319 3627 
4716 1668 3869 535 
3614 365 3720 1945 
4117 4644 3018 4623 
3446 3539 4128 2596 
4421 3473 1205 3197 
2379 3350 1448 2514 
121 561 4941 1689 
3487 4413 2823 3466 
163 543 1092 4924 
442 1973 1496 2666 
79 3346 2675 3873 
179 3581 3048 1095 
1758 2674 4341 2951 
3824 1279 4366 1951 
2396 2189 4358 1014 
2835 3835 3911 3709 
4128 4822 2862 4028 
3736 2280 3695 3830 
1345 4085 2793 4813 
4571 3925 3561 4185 
1931 3249 2007 2073 
1276 2428 4996 3558 
3375 4663 4194 3267 
23 3485 276 2716 
1273 3007 867 1305 
3064 1948 4877 1668 
3610 1855 2273 4214 
549 441 844 3347 
2717 3237 1365 2565 
2955 2955 3925 660 
1829 398 2811 1011 
707 3737 3324 459 
1849 1536 4052 4390 
1445 2707 2203 4893 
1142 3229 1139 4397 
2487 714 1508 3590 
249 714 341 3878 
553 3734 39 2472 
3566 1391 1722 1226 
4617 2258 3683 1119 
1044 59 214 2148 
1359 3372 2894 3432 
3801 2397 3242 4632 
1461 673 4515 770 
3464 3246 867 1675 
1093 318 744 4415 
1428 3637 1882 4716 
418 434 2823 3330 
3909 3750 433 288 
3620 4870 3767 925 
4133 3134 2239 4983 
3420 33 3523 1143 
97 3457 4691 1942 
2021 3963 1099 3069 
1321 4959 4007 2163 
2447 3255 4381 3330 
550 3275 3351 614 
326 1321 4089 4330 
441 4122 3936 4577 
2657 1960 383 4790 
1774 968 4203 729 
1294 1186 311 2647 
418 1965 2778 3000 
1601 4617 4877 358 
3950 3770 4284 136 
4580 3557 3371 1769 
503 4236 4422 3949 
2970 2392 2269 2300 
3423 4790 3214 3243 
3311 2746 4688 2462 
3324 4372 1762 3002 
798 2063 8 727 
4076 1213 127 4856 
895 3078 1197 1139 
1055 2501 4782 2941 
3751 1642 4322 2611 
117 1937 3455 1732 
1028 1179 4001 3934 
2619 397 3349 4176 
1201 268 1212 2630 
1692 4094 1618 1560 
2572 4534 3631 4124 
695 916 1373 2867 
3621 4174 1894 3339 
119 4112 1748 2082 
1073 4477 1587 4540 
3856 4095 95 3092 
953 1228 2212 3756 
677 1847 1071 3108 
4583 2011 2285 1800 
4505 3105 3968 1413 
1265 1014 1062 4079 
2323 2751 462 2478 
4484 2587 416 1445 
3314 3798 4250 3407 
4780 1658 4729 2031 
867 1416 3428 4463 
1735 4794 1884 3009 
2725 1855 3040 4741 
3160 491 2569 3460 
1646 1202 666 1124 
4898 1153 1299 1335 
815 4176 2643 2496 
2852 4020 776 4255 
1669 2702 3202 3367 
4813 2413 2178 740 
2943 4667 1810 306 
2 1 1 1 1 2 1 1 2 2 1 1 1 2 1 1 2 2 2 1 1 2 2 1 2 1 2 2 1 2 2 1 2 2 2 1 2 1 2 2 1 2 2 1 1 2 2 2 1 2 1 2 2 2 2 1 1 1 2 2 2 2 1 2 1 2 1 1 1 1 1 2 1 1 2 1 2 1 2 2 1 2 1 1 2 1 1 1 2 2 2 1 2 2 2 2 1 2 1 2 1 1 1 2 2 2 2 2 2 1 1 1 2 1 1 2 1 2 1 2 1 2 2 1 2 2 1 2 2 1 1 2 1 1 2 1 1 2 1 2 2 1 1 2 2 2 1 2 2 2 1 2 2 1 1 2 1 1 1 1 2 2 2 2 2 1 1 2 2 1 1 1 1 2 2 2 2 2 1 2 2 1 1 1 1 1 2 2 2 2 1 1 1 1 2 1 1 1 2 1 1 1 2 1 1 2 1 2 1 2 2 1 1 1 1 1 2 1 1 2 1 1 2 2 1 1 1 1 1 2 2 2 1 2 1 1 2 1 2 2 1 1 2 2 1 2 2 2 1 2 1 2 2 2 1 2 1 1 2 1 1 2 2 2 2 2 1 2 1 2 1 2 2 1 2 1 2 2 2 1 1 1 1 1 2 1 1 2 1 1 2 2 1 2 1 1 1 1 2 2 2 2 1 1 2 1 2 1 2 1 2 2 1 1 2 1 2 2 2 2 2 1 1 2 2 1 2 1 1 1 1 2 1 2 2 2 1 2 2 1 2 1 2 2 2 2 1 2 2 2 2 2 1 2 2 2 1 2 2 2 2 1 1 1 2 1 1 1 1 1 1 1 2 2 1 1 2 1 2 1 1 1 1 1 1 2 2 1 2 2 1 1 1 1 2 1 2 1 1 1 1 1 2 2 2 2 1 1 1 2 2 1 1 2 2 1 1 2 1 2 1 1 2 2 1 2 2 2 2 2 2 1 2 1 1 2 1 1 1 2 1 2 1 2 2 1 1 2 2 2 1 2 2 1 1 2 1 2 2 1 2 2 2 2 2 2 1 1 1 2 2 1 2 2 1 2 2 1 2 1 1 1 2 1 2 1 1 2 2 2 1 1 2 2 2 2 1 1 2 1 2 1 1 2 1 2 1 2 2 2 2 2 2 1 2 1 1 2 1 2 1 1 2 1 1 2 1 1 2 1 1 2 2 2 2 1 1 2 2 2 1 1 1 2 2 2 2 2 1 1 1 1 2 1 2 2 1 1 2 1 1 2 1 1 2 1 2 1 1 1 1 1 2 2 1 1 2 1 1 1 2 2 2 1 1 1 2 1 2 1 2 2 1 1 2 2 2 1 1 1 2 1 2 1 1 2 1 1 2 1 2 1 1 2 1 2 2 1 2 1 1 2 2 2 2 1 1 2 1 2 1 1 1 1 1 2 2 1 1 2 2 2 2 2 2 2 2 1 1 2 1 1 1 1 1 2 2 1 2 1 1 1 1 1 2 1 2 1 1 1 1 2 1 1 2 1 1 2 1 1 2 1 1 2 1 1 2 1 2 2 2 2 1 2 2 1 2 2 1 2 1 1 1 1 1 1 2 2 2 1 1 2 2 2 1 2 2 1 1 2 2 2 2 2 2 2 1 2 1 2 1 2 1 2 1 1 2 1 1 2 2 1 1 2 2 1 1 1 2 2 1 1 1 1 2 1 1 1 1 1 2 2 2 2 2 2 2 2 2 1 2 2 2 2 2 1 2 2 2 1 2 1 1 1 1 2 2 1 1 1 2 2 2 2 2 2 1 1 1 1 1 2 2 2 1 2 1 1 1 1 2 2 2 1 2 2 1 1 1 2 2 1 2 1 2 2 1 1 2 2 2 1 2 2 2 1 2 1 2 1 2 1 2 2 1 2 2 2 2 1 2 1 2 1 2 2 1 1 2 1 2 2 1 2 1 2 1 1 2 1 2 2 2 2 1 2 1 1 2 1 2 2 1 1 1 1 1 1 2 1 2 2 1 1 2 1 2 2 1 1 1 1 2 1 2 1 1 1 1 1 1 2 1 2 1 2 1 2 1 1 2 1 2 1 2 1 2 1 2 2 2 1 2 2 1 2 2 2 2 2 1 2 1 2 1 2 2 2 1 2 1 2 1 1 2 1 1 2 2 1 2 2 2 2 2 2 2 2 1 1 2 1 1 1 2 1 1 1 2 1 1 1 1 1 1 2 1 2 2 2 1 1 1 1 1 1 1 1 2 1
1000 4000
1000 4000
1000 4000
1000 4000
