2000
3 0
4575 431 522 
4329 686 1969 
4018 4698 4995 
4118 4301 4344 
2791 1763 4235 
4988 4104 3299 
3726 598 955 
4347 3675 2105 
341 2903 2233 
4850 2292 2139 
281 2736 3762 
380 2923 2151 
723 2538 3971 
1644 4277 1344 
4948 4098 24 
4903 4555 1827 
4940 2900 4453 
4557 2770 2169 
1774 411 4550 
4995 3422 56 
2169 3016 4858 
4618 1900 743 
3046 146 3978 
1850 2284 4185 
4235 1837 3122 
3247 1501 4201 
1136 709 1987 
3449 2023 3485 
646 4542 1191 
1968 4826 326 
4065 1478 948 
1705 3350 2173 
2969 2657 3618 
967 2029 3066 
4100 3892 2796 
3029 3437 4985 
4379 673 15 
254 4324 2 
3046 276 274 
3484 1102 2388 
987 4630 4177 
1842 8 85 
2617 4112 2723 
223 2084 65 
4245 2254 2528 
591 4561 3837 
4944 3031 502 
2528 220 220 
1542 1399 4199 
4161 3394 1565 
3144 887 3968 
2689 2642 1662 
4442 1324 2710 
1464 2800 659 
4333 2177 3240 
2503 3403 2753 
3308 3716 2215 
409 1399 1158 
3606 2616 4797 
4550 3831 2209 
3954 211 2698 
1054 92 4545 
644 4295 3167 
3163 1185 2095 
3884 4017 4906 
356 3219 1037 
256 2492 4433 
1234 4548 3485 
2942 626 2699 
3840 1465 1539 
3347 4483 4795 
3069 2971 4534 
3353 421 4478 
3171 4127 4185 
1078 4568 1670 
758 2435 4382 
3153 533 3111 
481 4677 589 
3181 1786 4280 
1283 1023 2960 
1084 2238 1844 
1630 377 1811 
410 3114 3984 
2628 3959 1965 
191 719 1637 
1292 2417 3079 
3411 3379 4079 
2278 2632 3194 
196 4279 385 
2091 2262 2781 
4713 3792 1856 
963 2888 3169 
4990 1810 3398 
3586 4243 212 
3563 4235 1234 
27 990 1476 
1965 3704 3172 
136 1174 1377 
3632 4042 4291 
4003 1514 4970 
3250 1252 4697 
4169 2613 2007 
84 1563 1770 
149 3201 71 
1219 1145 4637 
3267 2334 873 
3649 4782 2249 
4534 597 4758 
949 953 3781 
4052 2707 1926 
4773 988 4819 
4332 2938 3822 
3598 3868 4931 
2974 3627 2572 
296 1714 4617 
1518 2713 1740 
4018 459 2945 
1328 4083 2517 
4779 3215 1040 
3450 3187 2870 
343 387 3146 
4718 4499 3040 
2683 1310 2655 
2959 596 210 
287 3996 2476 
306 1818 2840 
1759 1586 3229 
1920 1922 4076 
4732 1733 3509 
2507 3990 4127 
2985 1631 1580 
3011 1397 2961 
406 1166 4666 
1686 2504 2972 
749 221 1911 
3695 36 4920 
276 1719 2865 
3395 4282 4863 
2330 2201 4832 
3934 983 4179 
1857 4383 2472 
1870 3955 3018 
1707 1361 1641 
1779 208 1527 
126 4393 2172 
3513 2158 2843 
4449 11 2060 
3445 871 1950 
173 1614 1029 
468 2592 113 
1347 2300 1274 
2877 2843 1043 
890 3708 3340 
3040 2093 1301 
2609 739 4638 
2010 2936 2331 
4784 424 747 
4674 1912 2100 
2836 2142 1979 
4936 2887 1877 
1303 1837 2865 
404 41 845 
1932 1028 4015 
1879 3163 1469 
3219 1967 961 
2991 3072 724 
1375 762 2708 
2066 1668 444 
3537 3565 3018 
2859 1396 1316 
4997 464 2866 
3878 1499 3695 
3141 798 182 
1075 4340 4065 
1895 2668 3187 
830 245 505 
424 258 3694 
177 2300 3817 
3415 402 4803 
1933 417 4011 
1405 1300 4903 
617 1228 4559 
2596 1554 2797 
4656 1366 3970 
1269 2065 1493 
309 1753 3935 
2205 3093 4337 
4352 510 3890 
1293 3613 3325 
3713 4962 1292 
553 3276 2673 
462 1723 3576 
2920 3975 1961 
3023 1586 1247 
3450 1981 3623 
3729 4982 2035 
4145 1667 3296 
2782 1799 3836 
4947 694 1811 
4340 4286 4301 
4010 3650 2105 
1442 2185 988 
2894 1251 1624 
2375 4919 4710 
3067 398 547 
2260 2121 1334 
3836 4044 3288 
717 580 4185 
2286 4569 332 
4510 733 454 
2626 1580 4745 
600 4363 4900 
2031 3749 43 
4227 2653 3306 
3624 3137 4300 
338 3776 3565 
1073 2195 4404 
2473 4774 4415 
3409 1710 3816 
4429 2763 4652 
1158 2068 1237 
16 2271 1579 
4159 3589 4492 
2432 2449 3544 
3586 1514 1786 
4358 2513 626 
1274 261 1377 
2269 408 4279 
3008 2164 1445 
550 754 1123 
2390 11 444 
326 210 4989 
4377 3330 3076 
3559 3022 4147 
1096 4560 3214 
20 1035 4905 
1528 282 4172 
4777 4692 191 
3120 2025 406 
1421 3342 2907 
1556 747 1469 
31 4559 4093 
2060 1680 4097 
2877 2192 2088 
1284 505 430 
2820 1988 4029 
2 2159 4953 
4922 3650 3812 
4125 573 1332 
5000 4492 874 
254 3587 3887 
1346 4396 2951 
1178 3439 2668 
1403 369 1427 
419 903 650 
1279 3840 4828 
1664 1600 57 
3720 1533 4648 
3827 2257 1573 
609 4923 3047 
2084 3584 3516 
3326 505 2963 
1472 927 4276 
2614 4573 2839 
4792 3308 1633 
4766 3649 3713 
1259 2959 4265 
426 1069 3198 
4118 4156 4141 
784 2202 174 
1717 3225 3079 
3140 2664 4401 
3298 594 2104 
4123 315 3969 
1910 2572 4595 
3432 2315 767 
2279 1883 4388 
3731 3684 2875 
85 3489 2071 
2532 2197 1971 
3146 3967 4561 
3153 2728 93 
1329 2839 88 
805 1821 2098 
4986 1541 24 
3598 3051 2279 
1581 608 3534 
1333 1327 176 
2458 4643 1166 
2069 1597 3891 
1400 1326 4577 
4808 2789 4844 
1647 1064 1670 
3629 2751 4259 
2951 4767 483 
3594 4211 2170 
2727 3343 4756 
1300 1547 1700 
226 1952 4221 
1846 1590 1566 
901 117 1028 
371 3283 2437 
4825 3409 928 
2727 3844 4159 
439 4364 4907 
903 2280 3993 
249 4203 3727 
4625 1015 1380 
2458 392 3434 
4785 786 1866 
1056 3920 3408 
1735 3673 4517 
3250 4178 2205 
137 4123 3036 
2808 4149 2262 
1105 3901 1792 
1239 1482 781 
707 1521 3897 
1607 1517 299 
3182 4690 1309 
4725 3123 3135 
2031 3568 4361 
2953 4966 3938 
607 1423 629 
2287 2489 2653 
3398 4280 982 
3980 4419 1407 
617 1238 3470 
4460 213 927 
3902 243 833 
4273 2233 3143 
1979 3425 3219 
3712 1753 1807 
3913 578 688 
4731 2161 2383 
38 344 231 
3745 1104 2336 
4183 4173 810 
4510 2163 3705 
2345 757 2131 
1341 4557 4112 
4134 1167 4795 
4931 1955 4015 
4835 3107 1644 
3138 1818 2583 
3208 401 1631 
1743 4816 1014 
3770 2099 790 
3754 3519 2815 
2220 526 2407 
2935 1715 196 
4081 2215 2545 
929 3525 3955 
1702 1993 1211 
2144 3498 1490 
2322 4908 4020 
136 2510 2122 
3919 3620 748 
1014 1488 4381 
1109 2258 1493 
473 2197 425 
291 278 2391 
2464 4252 2276 
3974 4085 522 
4429 98 192 
1942 2418 439 
3169 4442 528 
50 3277 1510 
4806 4718 1682 
3011 2265 1090 
41 654 838 
2671 3645 4590 
3277 4070 2496 
4877 721 2914 
405 464 2030 
3257 1250 1764 
3837 1591 1272 
2610 4624 1022 
2122 2337 3335 
1868 4843 4612 
739 3961 3304 
2712 3449 690 
4992 579 2738 
3406 3648 4999 
3680 2343 4979 
2397 2246 793 
4573 589 3235 
3840 2489 1002 
1680 3770 1699 
529 3533 983 
3239 879 1117 
1591 2864 3444 
2218 4633 4834 
4908 3241 3938 
1152 1039 675 
1004 3232 4011 
4315 1760 3154 
860 435 4616 
1779 4547 3597 
4420 409 160 
1024 629 1954 
3719 4842 510 
1467 3932 2869 
3514 741 4245 
1437 1094 3007 
2544 2268 1317 
3195 3662 195 
151 2669 2687 
2740 80 1651 
2247 31 4729 
1597 1321 370 
4853 4767 2420 
4953 3899 1361 
4460 4883 4588 
4711 2442 3328 
370 4028 309 
3521 1497 3614 
3032 1871 2377 
3784 1483 3189 
4237 3522 1635 
2597 3202 3226 
3979 4190 822 
850 1990 4164 
38 3786 1078 
3514 2657 1827 
408 276 1531 
4819 4503 1506 
3002 674 2499 
1009 740 959 
1256 108 2676 
2412 2884 4223 
2247 1505 3781 
2663 4223 4791 
2728 3425 4266 
2980 2060 4576 
3035 2043 728 
407 1965 2952 
3682 2836 3578 
4867 4113 838 
1916 2920 2303 
3630 3519 3511 
3842 4434 4562 
2967 4948 937 
2463 2174 3361 
3394 2901 3146 
4645 430 2925 
254 2148 3848 
4674 1671 4552 
2482 2791 823 
3986 293 2488 
2925 1793 2062 
125 1344 3062 
2548 3592 1775 
3566 3323 4789 
2540 4300 4971 
1459 2362 1679 
4632 4500 1235 
1056 1949 2705 
2097 1950 3691 
3091 2913 1167 
3767 1561 197 
3966 1237 2834 
4444 4834 1437 
4426 2662 515 
1431 1747 519 
123 2557 2300 
3773 4077 181 
3998 4666 3870 
4033 3184 1454 
2193 4286 4553 
3090 2238 1129 
1681 3266 2463 
3234 594 4861 
508 1034 473 
2193 4729 4752 
3846 2384 1860 
2034 3533 4869 
1164 4133 2414 
3514 78 3682 
1821 1340 2351 
1713 4593 2110 
2117 2378 3 
4121 1147 3440 
1473 4041 2461 
905 444 1244 
161 1431 3863 
1138 763 2410 
2062 3253 3831 
2609 2100 4415 
2201 2140 4830 
319 2383 2865 
3042 2355 4528 
1526 888 4733 
1363 185 3907 
3797 3184 2819 
154 2047 2695 
3844 4015 3746 
3812 4897 4479 
2397 2592 4076 
1778 453 4831 
1696 4969 4018 
3419 4507 640 
3560 1146 1765 
1048 2642 4903 
808 735 591 
2810 3758 3841 
4088 3620 1982 
1969 3557 929 
1154 3053 2768 
1326 3158 1285 
2344 4087 211 
3633 188 3958 
2260 183 3947 
756 223 2443 
3445 3030 3913 
4158 4018 3873 
1787 692 570 
7 3512 1764 
3878 4157 2929 
2591 3169 16 
302 2933 2544 
1460 3787 332 
2277 3844 2956 
1521 3497 3063 
3341 1934 647 
1818 3307 3898 
903 2882 3669 
2832 4504 504 
2907 1863 2521 
776 419 672 
2171 933 324 
4269 770 4113 
4046 4875 2234 
994 4750 761 
2551 1601 1120 
3753 1304 4835 
3928 46 2683 
3472 2850 3793 
45 3539 3295 
2256 2552 1440 
3779 197 2429 
4507 2834 4018 
794 30 3588 
2142 4789 2879 
2480 2805 600 
533 1437 4082 
4367 301 1383 
2988 3500 2590 
4632 3123 3096 
1980 2020 3333 
721 1738 3716 
39 1681 3692 
989 2139 589 
1192 2300 751 
2528 1862 3324 
3016 4742 4989 
797 2887 3216 
3720 196 3995 
2470 2717 1393 
2163 1598 1847 
4087 816 1074 
2616 4668 4232 
3507 4 1530 
4603 736 3309 
4721 2747 191 
2853 2245 1314 
1721 4097 2250 
2163 4645 1366 
4394 1913 870 
3134 1117 1775 
1127 4444 2802 
22 2404 3362 
666 1177 2952 
619 117 4678 
278 4750 2611 
4770 4759 3684 
1823 973 3475 
3274 4883 3093 
3093 4075 981 
316 459 195 
1242 3821 4745 
311 3028 2256 
4861 2483 3717 
844 293 3146 
603 3476 3445 
972 773 4066 
4056 3772 1418 
2522 4227 4623 
1158 2897 84 
3614 2042 692 
2291 4586 2749 
2031 1621 4597 
3877 2949 411 
2047 1405 4039 
769 4080 4232 
2516 870 4385 
3590 2935 467 
3812 893 4748 
2866 2187 3117 
2653 48 1512 
1917 3210 496 
2222 3609 455 
2299 2967 1155 
1934 2373 722 
1721 1635 1891 
2697 3643 2884 
3405 1574 787 
2618 2478 1467 
418 2996 4409 
3148 3026 3581 
367 4146 608 
4094 3330 511 
1417 28 4171 
124 1632 4747 
4028 1570 4660 
600 989 2742 
3115 647 2783 
2719 4640 327 
4807 388 4477 
1895 1396 829 
1609 4043 703 
1980 1994 4989 
2819 1946 1746 
1453 4513 3667 
3687 1850 3090 
4545 2044 2608 
1270 2983 1991 
3485 2839 4477 
333 972 1554 
2962 1670 3267 
3364 1964 3525 
1405 3144 1489 
1131 2092 4011 
3439 3346 4742 
3171 4662 787 
4540 1988 3943 
2535 3254 3245 
865 4985 4491 
3706 4612 1828 
242 2622 1651 
93 3552 221 
2160 4379 1287 
3330 4045 3946 
2188 2221 4349 
527 2392 46 
1122 1747 2552 
585 3571 1173 
2252 4473 3137 
2457 1263 1764 
2249 4177 2390 
4735 4530 203 
1506 958 3062 
2950 4146 2830 
3090 153 4942 
2580 3385 108 
4515 386 3327 
319 555 341 
4976 149 1447 
2456 1276 1183 
634 4096 1878 
39 1850 1557 
4608 4466 1387 
1271 4581 3178 
519 1887 285 
1839 4858 4766 
3830 3337 3074 
72 2271 3985 
4117 1411 2903 
1354 1875 64 
3407 4395 635 
4474 4811 4144 
1487 2308 1 
862 4669 1815 
4157 2947 3091 
361 885 2522 
3113 2415 3568 
1127 3153 3037 
1259 854 3088 
3584 4750 1103 
3263 4392 4460 
2748 3677 2711 
4331 3426 4686 
3297 2611 2417 
4511 1266 4587 
858 4021 3012 
1343 277 401 
939 1803 1894 
1523 1463 4673 
3477 2141 4052 
1932 4481 987 
4700 2827 781 
3180 1560 187 
1505 2970 23 
3435 4478 2504 
4824 1158 427 
478 1883 3371 
971 4331 184 
211 1335 258 
2251 1074 1823 
2864 4027 3891 
810 4763 4451 
882 1685 1713 
371 2037 3365 
4958 346 58 
1236 3186 3761 
2779 1175 3310 
3223 4119 4302 
4108 356 284 
96 1180 2836 
4163 3997 2240 
2802 4412 4657 
3717 4702 1348 
4606 639 893 
201 3702 4408 
1123 4967 1047 
88 2009 3027 
2227 3860 147 
3311 2709 596 
2276 4734 4256 
1146 1164 3057 
4437 2901 378 
699 2421 1768 
4100 2113 2201 
3414 4669 4743 
1682 3157 4713 
108 1566 4340 
2711 1940 2672 
3563 3237 999 
1335 2281 4336 
2576 3615 671 
1538 4569 1487 
3977 783 1488 
716 746 4461 
17 2124 718 
4711 4441 999 
3121 4464 1662 
270 2386 3903 
578 4919 294 
4402 4885 4865 
4612 1143 209 
4687 164 1497 
4743 957 569 
400 3350 4676 
2913 3674 1360 
2246 1421 2300 
1768 2649 3961 
4148 2678 2763 
1449 1993 3349 
2427 1109 4975 
1089 303 3028 
4390 4953 2341 
4936 2818 97 
1676 1282 4212 
4719 801 3386 
1105 4540 2109 
3953 4369 2217 
184 2408 2391 
323 3164 4133 
34 4130 4249 
2157 4727 1699 
1640 327 1032 
1076 2984 4636 
479 3490 3470 
2744 2033 1536 
4654 1895 2797 
3001 2277 2611 
1550 1418 3269 
790 2106 4140 
531 3449 4836 
1826 1412 1130 
636 725 1248 
2640 925 1433 
1633 914 1283 
621 466 3375 
1324 1179 3585 
1557 4761 2131 
2452 1460 741 
2926 1143 4793 
2121 2530 2081 
1434 180 1151 
3477 2733 53 
2357 3368 3384 
1061 2588 2116 
2746 2029 3977 
2957 2575 2089 
41 134 2804 
2835 4768 1685 
792 2978 2783 
494 3562 3768 
4528 3303 4186 
2747 502 295 
3384 687 2867 
2158 4430 4265 
850 3763 4391 
1058 2605 2475 
2221 3941 3262 
429 2027 4080 
2227 2540 4279 
4930 1619 760 
1792 1164 2309 
3121 2827 4244 
3671 1076 987 
659 3215 3678 
2194 4564 1005 
3425 4498 1712 
4175 3599 4157 
3911 4115 4333 
3325 4410 1910 
1190 944 2729 
3507 2810 4267 
2625 3256 1840 
3505 2395 3434 
4608 396 4893 
2732 202 4938 
1623 2891 659 
185 68 3791 
1689 4167 4835 
996 656 4394 
236 941 2982 
2056 902 1588 
3083 4217 1837 
2584 3757 261 
234 2653 2139 
501 2792 793 
1733 1442 1059 
1865 3302 1840 
1901 3436 2202 
1274 2496 1615 
3623 2570 3539 
4053 4771 668 
1767 2830 2264 
3843 1932 1126 
115 2346 2101 
686 2801 2155 
3172 4563 4024 
3800 575 2283 
770 2552 84 
4953 717 2440 
1780 3047 4207 
4049 1196 3572 
4260 4252 970 
413 681 3446 
3473 1231 3549 
3442 4017 3239 
2885 3481 4560 
1383 2167 1256 
2274 2803 1404 
3369 2337 3581 
2234 2589 3953 
289 3403 3441 
1699 4794 4567 
3402 1145 3481 
1641 1559 2810 
2 1029 1500 
2967 2837 2914 
3532 1996 3180 
926 3760 3276 
4073 1096 772 
4961 1969 1448 
4322 555 505 
4709 1692 3517 
4475 4672 3619 
4319 3934 2821 
2512 1260 3471 
4192 2516 2541 
1385 4654 4455 
3302 1432 2678 
3579 1505 60 
1056 2604 2065 
4239 1511 3649 
805 3494 3536 
201 3239 2755 
1746 3281 388 
4950 4682 3012 
2730 4679 291 
4945 140 2309 
4997 2998 3709 
1809 2143 694 
4287 2894 1693 
2961 1300 315 
1528 4335 2973 
2013 1173 97 
277 991 3004 
3967 4076 865 
3203 4858 1085 
4129 2419 1563 
1801 1856 313 
1721 2752 3761 
292 1045 2127 
4317 4474 3568 
2421 4796 2131 
1004 2055 2647 
3560 2418 2884 
670 1173 2474 
4172 2216 2677 
4659 40 1901 
511 3038 331 
1326 655 4920 
2694 2398 1620 
4097 3003 872 
1504 4189 1563 
1900 444 951 
2906 3315 3634 
4236 2634 2693 
1220 3062 1203 
917 1678 107 
2371 594 951 
116 3474 911 
4845 2121 1278 
1510 2726 3323 
324 4862 1721 
4409 1467 3289 
2845 3322 2491 
4241 3704 2708 
2432 4729 3734 
4830 2257 920 
4505 4867 4025 
671 1211 3907 
4470 1203 4342 
1226 22 871 
4734 2454 4582 
4774 3176 958 
2336 296 4831 
1085 1966 1480 
4475 3035 433 
4563 211 2695 
4341 1749 1125 
779 4469 1651 
416 4884 3424 
3226 2203 2984 
4101 4094 3115 
4957 617 3601 
1364 1544 3073 
3949 2160 2747 
4729 2206 41 
3976 939 1405 
4096 4084 3715 
2654 3407 872 
3617 4380 2744 
4600 3697 1504 
3846 3802 2593 
1018 1106 2776 
758 1052 1142 
3422 1141 4244 
2235 1107 3319 
834 837 4019 
1542 1703 952 
2861 1179 2802 
778 4855 1694 
837 4160 4598 
438 2844 4840 
2838 3706 1399 
3794 1711 2021 
4769 973 618 
1402 2650 2543 
3941 2061 3237 
2577 4298 3370 
63 4613 4118 
2567 806 2990 
4186 1937 950 
3125 648 4518 
4442 3576 3649 
4824 306 4632 
389 905 3121 
563 2211 2720 
2887 2903 785 
1425 186 3784 
3383 2622 1572 
4601 601 46 
4722 4060 1171 
4603 1255 1679 
3986 2199 3084 
454 4158 2031 
2924 3452 3316 
4654 1531 3920 
1361 719 1551 
3920 4173 3121 
1841 321 343 
388 4753 554 
1761 2959 3741 
904 2207 2319 
1618 1350 946 
4306 59 4610 
3463 2984 4124 
4169 37 3081 
2658 1102 2503 
1120 4956 1979 
2560 2853 617 
1150 4671 4725 
1828 2824 4599 
1480 1430 4884 
2213 2935 613 
854 1473 4044 
511 3414 4689 
3966 2256 789 
4545 233 3355 
1858 2018 2695 
1028 2200 3302 
1118 4610 1825 
1073 961 2337 
4290 2609 2629 
4380 3542 4655 
523 3319 3215 
3808 3189 3391 
3841 262 3484 
1670 3991 2788 
3900 4218 1045 
167 292 837 
1913 4134 1765 
2214 4519 3842 
3267 2229 2040 
2288 992 427 
1111 1430 3471 
949 2376 68 
3783 287 3627 
4052 506 4380 
3622 3822 2038 
4686 3629 2874 
2823 4973 4497 
3748 13 4740 
4456 3048 3386 
1608 2193 2984 
3016 3247 4639 
1124 3537 4771 
493 341 3040 
3262 4120 3044 
1138 4502 873 
4797 4370 3512 
2566 1319 2891 
2724 2230 4662 
2247 394 2338 
1225 4119 286 
1932 660 2415 
1826 297 1602 
891 3829 1918 
2608 664 4691 
4539 2488 482 
4637 1702 4596 
4833 2873 205 
3123 3808 3696 
2126 4227 584 
2145 3647 4149 
2490 1708 2678 
367 2253 3531 
3723 2534 4408 
4547 4256 1663 
3831 4700 4714 
3562 1764 3661 
766 190 3452 
1129 2004 3545 
2525 4318 1288 
4847 1234 3529 
4437 98 4904 
1745 1516 644 
4198 1432 4791 
317 34 3021 
3043 2925 666 
4342 2601 4597 
2367 4771 4996 
154 4829 2967 
1916 1233 1805 
1091 4727 79 
2430 913 2287 
911 452 2970 
1419 4778 2587 
2200 4162 1560 
3934 4832 3143 
3662 3717 662 
285 540 357 
3808 1958 441 
857 1428 2282 
256 3818 3114 
169 4600 3865 
1806 2212 1382 
4420 2678 3893 
888 4497 1442 
3481 2754 2043 
1535 897 4009 
2017 3310 4599 
2416 3259 2735 
1178 2607 3193 
4612 3702 3758 
3191 3964 3826 
1402 3620 304 
4527 3621 1664 
2313 3760 534 
3064 4506 945 
681 1568 3521 
1151 218 4724 
1601 4615 270 
1602 4010 2411 
2813 1137 4697 
1679 652 3840 
3669 1415 4915 
1609 3772 3973 
4244 800 15 
4186 2112 3677 
767 3624 3657 
847 4502 1299 
2213 553 4978 
3917 3406 4261 
4968 3084 1099 
3671 89 1891 
3062 4455 1688 
2073 4498 2665 
3607 797 4064 
2735 420 62 
1738 222 4118 
1209 2776 3973 
3895 763 1975 
2075 3861 2391 
3205 4478 4619 
1005 3943 2563 
1854 4948 3772 
3718 2608 2563 
1094 491 3588 
2368 3716 4709 
2143 1696 1626 
3407 3139 3404 
3023 4729 3172 
740 1977 2748 
1460 4441 3145 
1766 4798 2743 
2137 922 3911 
1458 1979 63 
3025 4901 1594 
3978 3820 4952 
442 4353 1751 
2641 2950 4010 
2753 3412 1389 
4857 4270 3972 
951 1577 2075 
4559 521 1764 
2571 3954 1712 
639 3269 1642 
1433 4516 2770 
4969 3014 833 
3924 1745 692 
50 3038 2111 
1407 4704 2276 
3255 1013 4957 
749 630 663 
3300 505 4938 
4489 3115 2443 
4903 4154 3800 
4469 4643 4440 
4512 4544 2013 
1959 4632 779 
1794 1747 1898 
3969 66 3660 
2846 4784 258 
4657 125 433 
3454 4103 220 
2969 4817 241 
1088 3326 2409 
4183 1387 2785 
3446 588 76 
191 4626 4495 
2088 3501 4656 
2613 1628 3785 
918 4790 4159 
2338 2086 4117 
3969 273 1834 
678 3092 50 
2931 1076 3574 
1384 787 4473 
4316 1369 2792 
3358 3946 3413 
4930 544 4805 
4228 2692 1061 
2017 537 1171 
3772 1596 2437 
4981 2090 1961 
3986 4260 3410 
540 1968 681 
1446 4525 792 
50 3282 2426 
4916 2469 576 
3304 2461 4798 
3028 2914 1395 
3454 3191 3672 
3265 3102 1216 
3483 4718 3225 
4445 3074 4020 
4150 3772 4841 
1141 3934 796 
4049 1622 3681 
4941 4592 131 
1857 1096 477 
3850 159 4403 
758 3745 3217 
3432 4485 3163 
4456 2410 3948 
4264 4685 4515 
1108 222 1156 
2134 4891 1066 
1089 2996 1204 
3285 4381 579 
3263 1860 1393 
3993 4894 3455 
2369 1330 210 
1809 23 286 
4531 2143 2959 
3163 1959 4289 
4577 3300 66 
2550 3032 4935 
2760 139 1887 
2306 1485 2260 
1963 1497 4015 
2310 3480 2185 
306 3538 4895 
2705 4229 3444 
4278 828 1525 
605 3745 2498 
438 1797 3446 
412 1166 1255 
1065 4252 1867 
3037 3553 73 
3229 2961 1507 
2618 2573 1637 
2866 3072 2239 
739 955 3903 
3168 2060 2586 
3210 890 2504 
2931 2374 1073 
1286 1772 4854 
3412 1100 3510 
2958 1388 3489 
4863 1642 1800 
1957 1861 1475 
3665 3356 3108 
2923 4123 4198 
2373 3807 1779 
3564 1851 3861 
3425 2196 121 
3123 2012 3190 
2894 31 360 
3197 2932 4259 
3000 438 2012 
3904 3073 3536 
3317 2397 3603 
2023 2855 3518 
594 2246 2419 
2408 1553 4177 
4769 4212 3762 
349 257 1027 
2246 4668 1307 
1690 4717 3263 
680 2910 412 
3921 2080 1847 
846 2491 3684 
3573 3814 2098 
1001 3580 4710 
908 1936 174 
4967 2874 4306 
3723 3505 730 
3614 4753 4508 
782 3014 4708 
1743 1837 3931 
4347 3845 4160 
1302 2642 500 
147 3443 3517 
1795 4079 4071 
2105 2409 3059 
3440 1401 179 
3882 4464 997 
3042 3297 3167 
3250 1795 3071 
732 51 1260 
1277 475 2101 
340 2039 113 
4749 4912 2016 
1064 3015 3825 
3646 2135 3688 
4120 3839 1380 
1347 3797 955 
3676 2970 4259 
4262 3029 1771 
1546 3880 1898 
1369 1646 84 
2312 316 3522 
2699 3677 13 
2027 3739 4370 
482 2585 4379 
2186 1367 1841 
2755 141 1691 
2758 3528 3305 
4633 1425 2768 
3309 1006 3504 
979 521 274 
2475 3100 4013 
914 2150 4762 
183 2578 3525 
1005 4139 4985 
2884 4652 2241 
4963 2543 1843 
4659 4253 4426 
710 15 4283 
701 4010 1601 
2140 421 2362 
2639 209 2954 
1753 1407 1995 
3509 2383 1246 
714 630 593 
4132 1225 2109 
3911 1473 4614 
2745 4152 202 
1885 3167 4739 
2499 1331 2301 
4623 203 1518 
3198 854 571 
507 558 3812 
937 126 775 
4801 4059 4881 
2376 4955 3568 
912 1637 2958 
1864 2893 1167 
660 4833 3729 
4474 2444 347 
4163 731 4857 
2490 4435 3324 
1884 2373 3908 
883 923 4891 
3573 4386 159 
1649 3170 2542 
2908 1122 1156 
3504 3016 1018 
156 728 65 
1657 4948 2340 
412 1414 2650 
3894 1175 2236 
2135 2155 3166 
797 1846 4165 
4932 1115 1596 
2914 2587 3985 
4413 1001 2563 
3733 2773 4662 
1484 1823 1063 
3145 1283 1912 
1527 4420 3268 
1600 2053 1629 
4296 1500 4750 
4166 870 2769 
851 4951 3085 
2739 4781 1975 
1795 568 940 
460 1691 3192 
3417 152 4353 
4751 2418 1293 
4733 1 374 
102 4478 2135 
2241 4957 2104 
3413 819 4123 
2789 4799 796 
2097 200 4383 
3637 2655 4885 
1099 2970 2052 
4788 385 4754 
4674 734 3028 
1007 3877 4610 
4317 1487 1561 
2052 4350 2102 
1277 3149 3355 
2760 1572 4617 
3907 3006 4901 
1101 3487 861 
2157 413 745 
678 4612 1147 
574 3434 4135 
2880 3288 4014 
3559 4094 1899 
2115 504 1620 
883 4245 1016 
3941 835 3426 
4184 2951 1874 
2713 4870 4524 
3337 4572 4086 
2742 133 4199 
3986 1307 797 
171 4716 1865 
1989 513 802 
1920 1636 1188 
2997 2680 3977 
2592 467 3882 
2672 2108 2431 
4028 218 1162 
4299 494 3463 
1828 3804 2468 
4252 1961 4065 
1409 918 4986 
3394 4525 3532 
348 3289 3637 
4772 3003 1770 
1768 1246 1526 
3922 3749 1926 
2070 4738 4289 
786 2720 3256 
2213 2460 2160 
1960 4174 24 
4795 4070 1192 
4682 3686 2665 
4127 4076 1270 
3591 2455 3915 
3774 2284 753 
4228 177 1390 
2210 516 4322 
2689 4018 2938 
3578 2317 3804 
3644 970 4522 
4504 3143 3456 
280 1782 3359 
3808 3946 4732 
4070 2435 4612 
1853 3075 77 
4553 1275 4883 
3416 1145 2103 
1425 991 2359 
3459 1786 3664 
3416 2900 3588 
4688 4523 3956 
1634 548 645 
2933 2768 3624 
3949 4002 3842 
317 4374 3416 
4445 529 3099 
995 4027 4673 
3744 3655 2166 
4941 0 3898 
4472 404 158 
3962 2749 13 
4089 4870 4695 
3810 514 711 
1323 4881 875 
38 3709 882 
298 522 3866 
2424 2750 2690 
3641 3015 4907 
4176 2615 432 
387 1734 4573 
1429 2638 4272 
2562 1280 4940 
1001 1140 3146 
2434 1864 3718 
3235 4548 4697 
3853 781 779 
1888 353 313 
2690 1878 4666 
1873 1624 1581 
4175 3474 1526 
2360 1061 1720 
4133 3064 2323 
52 2521 342 
3383 2176 1496 
2706 3273 2296 
4086 4619 1379 
1126 619 2629 
2559 1712 20 
3869 3773 3529 
1784 4707 4230 
768 1977 291 
4813 829 2364 
2291 1041 4667 
187 2501 383 
591 4794 2020 
4244 4519 1832 
3973 3142 3844 
4894 3026 4061 
2815 4783 1249 
678 3043 1889 
4413 859 1031 
345 3372 3256 
4910 3810 2731 
2950 1571 1525 
4200 2122 3911 
2305 2246 3709 
4883 3955 994 
2077 2886 969 
1802 1664 351 
4401 356 392 
2134 293 3010 
2901 2248 3779 
1599 2810 4164 
2874 161 1227 
2838 4703 1643 
2452 1383 2397 
1821 4959 1943 
4913 3730 2883 
2222 4291 973 
4018 4689 2261 
168 391 2849 
1619 4426 3958 
3283 228 3819 
3611 2664 1945 
316 496 3789 
53 3041 2271 
605 842 103 
917 4862 1368 
4277 3964 4052 
4508 4116 3074 
2759 379 3306 
4574 1074 819 
4751 4612 3092 
1087 3586 4779 
2975 2025 3187 
1621 2861 1289 
4708 1086 1005 
2098 4218 4565 
3556 4185 491 
571 4808 652 
1662 3362 4409 
3272 3948 62 
347 164 2093 
1624 2348 3312 
1950 2720 209 
869 1772 4882 
4693 1521 2350 
392 3153 4451 
192 806 2415 
3825 893 1257 
640 4424 4097 
4337 832 248 
3964 4220 2542 
4333 380 1726 
3760 4997 4781 
4862 4488 639 
2763 1437 1128 
1927 3124 2453 
267 2283 3741 
4032 1585 2190 
4573 4970 1560 
338 1542 3206 
4295 1937 2845 
1982 1455 3917 
977 4580 1007 
110 2450 4190 
1849 104 1871 
1777 180 1183 
4162 4976 1548 
60 1942 707 
2752 2257 4462 
1200 3853 3642 
1222 1230 2114 
3279 912 3392 
4863 3806 3632 
1907 2081 175 
489 4090 54 
1320 392 947 
2420 2694 2004 
1346 442 2100 
827 3159 3949 
345 2219 555 
4634 432 4168 
1508 3620 1205 
3419 4556 6 
1586 234 2575 
1208 4379 3972 
4296 1039 2795 
3087 4011 560 
787 4080 3633 
2673 1675 4073 
3648 4866 2877 
773 1087 4511 
1377 4509 757 
2950 4305 4230 
2785 4534 2018 
2203 1415 3610 
223 838 1645 
4392 3453 2230 
1408 4461 1647 
2003 2700 2147 
4641 4090 1189 
2934 1996 650 
1246 3252 803 
3561 2029 1204 
3691 2108 4445 
162 1114 1572 
4659 612 4236 
4465 631 3585 
1268 3353 134 
3590 1353 1937 
402 2987 4694 
4184 4508 4858 
2971 3291 1373 
1350 3771 3043 
988 2633 901 
4068 2439 4561 
2168 4202 4278 
4878 501 3031 
4960 2030 3985 
2272 4756 4282 
2782 3595 4046 
861 3939 3992 
4477 2229 1881 
1614 3936 3867 
1571 66 4524 
2273 4609 3222 
1233 4031 2362 
1180 641 1683 
2352 1274 4581 
1614 587 835 
589 2293 4037 
1774 4659 1186 
4412 4836 4553 
965 118 3736 
4877 3634 4673 
4574 2720 4901 
1519 3244 817 
4406 4600 3472 
3321 2953 1749 
3832 1819 18 
103 1300 696 
4700 987 4971 
1892 4011 3925 
2140 370 1114 
2743 3935 82 
2124 3340 965 
3160 947 3128 
350 3483 1635 
58 1370 1425 
4687 4001 4552 
4094 2748 901 
2632 1953 3287 
4990 1196 158 
310 3422 1300 
4446 3102 3028 
1587 4425 1711 
440 1686 3234 
1063 2803 1313 
3990 3634 4708 
3273 4467 3649 
1463 3101 166 
3647 4160 4833 
739 139 3975 
1619 1331 3669 
4012 2497 203 
1729 1001 1296 
499 4394 253 
1676 3526 3546 
4576 3465 2971 
1956 3479 2583 
3256 208 2101 
1245 302 4077 
4455 2460 4402 
2592 614 4263 
4432 4518 4038 
2751 475 3124 
606 984 606 
341 2988 1489 
1796 3455 2608 
181 4268 1036 
3625 3025 614 
2627 1550 2928 
1486 4424 33 
220 2373 2663 
2895 1523 83 
885 2110 2015 
974 3940 3683 
3127 704 237 
3426 4162 2908 
3698 3348 4496 
4600 3055 1853 
1236 4683 1314 
4623 540 1144 
3109 1148 1358 
3587 2284 4728 
2282 1949 407 
3814 1811 1652 
2466 2513 3753 
1818 3816 4264 
1668 909 4461 
220 536 4518 
4031 2470 3483 
2427 205 3761 
2337 1354 510 
1510 3234 3044 
1285 301 4006 
1385 3347 2124 
1836 3187 638 
3540 3941 3030 
2962 413 3294 
3699 2526 1083 
2989 3427 2674 
1699 495 3462 
3864 2235 3148 
587 2033 3778 
2730 408 3294 
4101 2937 3896 
1860 4580 2018 
257 3725 3494 
3440 2503 3239 
4540 4750 855 
3029 2060 1140 
2150 2746 4682 
1348 1150 285 
3817 652 974 
3834 348 2064 
955 4290 1037 
181 2325 1585 
710 4038 2025 
1220 1372 3737 
123 655 1647 
3971 4788 4214 
1837 2804 679 
1206 1886 1850 
902 2460 4182 
3845 4583 1886 
1158 3059 933 
2085 2894 4141 
1745 1665 4815 
1868 1943 1939 
1570 3225 2279 
4631 4636 3965 
3644 1353 3693 
2155 4587 1797 
4346 2229 3020 
2049 1199 4055 
717 2325 4900 
1248 675 4696 
4962 897 3582 
1071 277 4268 
1318 4754 2899 
1236 692 351 
2721 4587 3813 
1444 3958 2148 
3592 1013 1075 
3036 745 2380 
2352 387 117 
3636 1157 4127 
4994 1644 4054 
1867 1975 3306 
3869 2281 3462 
2326 354 4949 
2878 3258 2795 
1387 394 3332 
3165 3095 136 
4237 703 3791 
2674 2331 2901 
631 2181 2121 
3220 3932 1897 
3077 2607 3333 
4452 89 2224 
3558 1387 3828 
3928 4310 4696 
2041 349 3364 
3635 888 4317 
566 2291 4776 
4786 929 1290 
1703 3549 160 
3485 2692 4767 
890 1583 962 
4127 3510 4935 
4457 4310 4107 
886 2983 4786 
3831 2241 1410 
4754 2326 3266 
1949 395 1221 
3928 558 2325 
4468 312 2761 
2757 2224 3318 
1732 4952 1309 
381 2313 1136 
3569 1039 3920 
1495 4723 4809 
2444 3489 4555 
3922 827 919 
422 1240 3005 
559 4359 1872 
4046 3908 4386 
760 3478 4345 
4699 878 2219 
596 4664 4447 
644 2114 3374 
702 1024 79 
1783 4034 353 
2078 2158 1508 
994 2649 2848 
4863 4836 581 
2859 248 4842 
1484 4289 795 
1864 4436 4232 
4027 4752 4999 
401 4395 649 
90 1086 4456 
3056 3818 4899 
1727 589 1737 
3340 4339 3174 
4495 3006 3784 
3058 4997 4653 
4461 1102 1025 
2864 2921 4111 
2559 2654 4859 
2447 2746 3098 
845 528 4032 
3772 137 4265 
4244 647 1046 
2592 4636 817 
3269 3050 4341 
3823 1660 495 
1434 1661 3484 
2947 3734 3511 
256 3382 3703 
4505 3510 3237 
3969 1030 4025 
4682 10 3687 
803 4302 189 
1537 4999 806 
1156 3421 1393 
324 968 2869 
61 2065 4352 
3105 527 2650 
3965 4857 2732 
2940 1142 224 
3545 2005 634 
604 3983 305 
1601 2365 3208 
2214 2425 965 
323 4973 735 
516 4302 2885 
759 4317 3866 
2712 2239 4931 
1404 1279 1118 
17 2057 3711 
4683 2786 56 
4710 4178 2957 
4506 1896 1119 
4842 9 443 
3377 3895 2318 
1219 3611 651 
1640 3006 472 
3234 4538 735 
2483 4908 4640 
1037 3957 2989 
4779 4253 3382 
1635 1434 197 
4113 181 634 
3667 3494 4582 
1555 57 1678 
3804 2068 2327 
4193 2197 3433 
2649 4874 4868 
2227 2853 4243 
4445 266 3021 
3269 1197 2771 
4533 3937 2550 
2100 2109 2434 
1258 1306 2767 
4975 1080 4546 
342 2478 4085 
2054 961 3620 
1063 4910 4807 
2185 2102 193 
1438 4554 407 
4543 4358 3742 
248 1750 287 
914 3979 2452 
1552 167 4277 
4675 671 4795 
4784 1704 3181 
811 2385 1885 
2036 1711 4667 
2024 4029 3920 
3439 147 378 
909 2755 1904 
2246 1926 4455 
1696 1546 4458 
1574 5000 3731 
626 4300 3231 
288 4194 587 
2748 718 4341 
3152 4678 1216 
2613 3689 831 
2428 377 659 
805 1060 2593 
2369 1589 3589 
2289 2758 3318 
2545 3471 4750 
2213 4001 1753 
2407 4676 1366 
2366 1404 4749 
2803 4592 346 
3467 2515 629 
1122 39 1246 
1526 3141 4446 
1117 1986 2069 
504 987 1894 
3374 2654 3856 
4679 3813 75 
1761 3328 3569 
2399 470 1294 
684 2456 1052 
4689 3738 3228 
239 2234 2983 
2135 4957 3458 
1037 1642 122 
3450 1358 1314 
2326 923 2475 
890 250 4610 
4822 4098 2264 
2950 2930 1163 
1019 2831 1298 
901 511 2527 
1816 1847 2214 
4260 4180 897 
3715 221 4037 
2607 3424 2246 
828 1043 3368 
1808 1299 3560 
215 214 1255 
3191 4479 1216 
4320 3833 4338 
4786 2514 4841 
841 791 196 
3164 1460 277 
4523 4418 2143 
4609 2458 4975 
1857 1057 3942 
3580 4261 1457 
1996 745 236 
3893 3199 893 
672 1707 896 
3477 4750 4326 
3916 2108 3495 
1297 3053 1213 
4012 1230 4649 
1079 131 4136 
1208 2620 4132 
4947 638 30 
1868 3576 1798 
1421 1389 3522 
4212 1203 1304 
2242 3742 2134 
4604 1019 3420 
4892 3500 517 
3114 4651 236 
3907 256 3076 
3792 3309 4776 
2920 2239 4259 
1658 2962 4646 
3686 1958 410 
3523 679 1637 
3719 3154 664 
2772 3608 160 
2152 563 913 
930 1795 36 
4816 485 4334 
120 4603 984 
1037 4469 894 
3784 4498 796 
4267 4036 605 
3471 1665 1169 
1210 3043 1618 
289 2200 961 
4353 3698 33 
1816 3214 847 
3314 4662 134 
3449 4431 4985 
2756 1451 4672 
2230 3743 4838 
4246 4837 4223 
1314 2716 342 
2838 1753 1253 
2608 4808 3668 
3430 2988 2159 
3930 1130 3638 
1681 4855 4055 
3901 2051 1278 
792 1023 3666 
1994 3587 485 
2507 2529 419 
1854 4061 3260 
2706 1428 4268 
2452 4905 4146 
4412 773 706 
1454 4233 1822 
14 3518 1552 
3897 2576 1129 
2122 2285 3177 
1883 2498 2927 
1178 1356 4380 
35 2751 3900 
4416 587 1692 
4848 2423 431 
3490 3245 577 
3720 4382 3830 
4349 2789 24 
4018 71 2714 
1071 4905 4292 
3973 3541 3738 
2654 703 1475 
2629 295 3739 
2631 4359 2168 
1107 3873 2489 
228 415 1548 
2080 868 3146 
1885 2306 616 
1422 4586 2670 
4124 4669 3039 
2900 346 1068 
2670 2885 4745 
3803 4403 2381 
1 2 2 1 1 2 1 2 1 2 1 2 1 1 2 2 2 2 2 2 1 1 1 1 2 1 2 1 2 1 1 2 1 2 2 2 1 2 1 2 1 1 1 1 1 1 2 2 2 2 1 1 2 2 1 1 1 1 2 1 1 2 2 1 1 2 2 2 2 1 2 2 1 2 2 2 1 2 2 1 2 2 1 1 2 2 2 2 1 2 1 1 2 1 2 2 1 1 1 2 2 1 2 1 2 2 2 1 2 1 2 1 1 1 1 2 2 1 2 1 1 1 1 2 2 1 2 2 1 1 2 1 1 2 2 2 1 1 1 1 1 1 2 2 2 1 2 2 1 2 1 2 2 1 1 2 2 2 1 1 1 2 2 2 2 2 2 1 1 2 1 2 1 2 1 2 2 2 1 1 1 2 1 2 1 1 2 1 2 1 1 1 1 2 2 2 2 1 1 2 1 1 1 1 1 1 1 1 1 2 2 1 1 2 1 1 2 1 1 2 1 2 1 1 2 2 2 2 1 2 2 2 2 2 1 1 1 1 1 2 1 2 2 1 2 1 2 2 2 2 2 2 2 1 1 2 1 1 2 1 2 1 2 1 1 2 1 1 2 2 1 1 2 2 1 1 1 1 1 1 2 1 2 2 1 1 2 2 1 1 1 2 2 2 2 1 1 1 2 2 1 2 1 2 1 2 2 1 2 2 2 1 2 2 1 1 2 2 1 1 2 2 2 2 1 2 2 2 2 2 1 2 1 1 1 2 1 1 1 1 1 2 2 1 1 2 2 1 1 2 2 2 1 1 1 2 1 2 1 2 1 1 2 2 1 1 1 2 1 1 2 1 1 1 2 1 2 1 2 1 1 1 2 2 2 1 1 1 1 2 2 2 2 2 1 1 1 2 2 2 2 2 2 2 1 1 1 1 2 1 2 2 2 1 1 2 1 1 2 2 2 1 2 1 2 1 2 2 1 2 2 1 1 2 1 1 1 1 2 1 1 1 2 1 2 2 1 2 2 1 1 1 1 2 1 2 2 1 2 2 2 1 1 1 2 2 1 1 2 1 2 1 1 2 2 2 2 2 2 2 1 2 2 2 1 2 1 1 2 1 2 2 1 2 1 2 2 2 1 1 2 2 2 1 1 2 2 2 2 2 2 1 1 2 2 1 2 2 1 2 2 2 2 2 2 2 1 2 2 2 2 1 2 2 1 1 2 1 1 2 2 1 1 1 1 2 1 1 1 1 1 1 1 2 2 2 2 2 1 1 1 2 1 1 2 1 2 2 2 2 2 1 1 1 2 2 2 2 1 1 2 2 1 1 1 1 2 2 2 1 1 2 2 2 1 2 2 1 2 1 2 2 2 2 2 2 2 1 2 1 2 1 2 1 1 2 1 1 1 1 2 2 2 2 2 1 1 2 2 1 2 2 1 1 1 1 1 1 2 2 2 2 1 2 1 2 2 2 2 2 2 1 1 1 2 1 1 2 2 1 2 1 1 1 1 2 1 1 1 2 2 1 2 1 2 2 2 1 1 1 1 1 1 2 2 2 1 1 2 1 2 1 2 2 2 1 2 1 2 2 1 1 1 2 2 1 2 1 2 1 2 1 1 1 1 2 1 1 1 2 2 1 2 1 1 1 2 1 2 1 2 2 1 2 1 1 2 1 2 1 1 1 2 2 2 1 2 2 2 2 2 2 1 1 2 1 1 2 2 1 2 2 2 2 2 1 1 1 2 2 1 2 2 1 1 2 1 2 1 2 2 1 2 1 2 2 1 1 1 2 1 2 1 2 2 2 1 2 1 2 2 1 2 1 2 2 1 1 1 2 2 1 1 1 1 1 1 1 2 2 1 1 2 2 2 1 2 2 1 2 2 2 1 2 2 2 1 2 2 2 1 2 1 1 1 1 1 1 2 2 1 2 1 2 2 1 1 1 2 2 2 1 2 2 2 1 1 1 1 2 1 1 1 2 1 1 2 1 1 1 1 1 2 1 2 1 2 2 2 1 2 2 1 2 2 1 1 2 1 1 2 1 1 2 2 2 1 2 1 1 1 2 1 1 1 2 1 1 2 2 2 2 2 1 1 2 2 2 2 1 2 2 2 1 1 2 2 2 2 1 1 1 2 1 1 1 2 2 2 1 1 2 1 1 2 1 2 1 1 2 1 2 2 2 1 2 2 1 1 2 1 2 2 2 1 2 2 1 1 2 2 2 2 2 2 2 1 2 2 1 1 2 1 2 2 1 1 2 1 2 2 2 2 1 2 2 1 1 1 1 2 2 1 1 1 2 1 1 1 2 2 2 1 1 1 1 2 2 2 1 1 1 1 2 2 1 2 1 1 1 2 2 2 2 2 2 1 2 2 2 2 2 1 1 1 1 2 2 2 2 1 1 2 2 1 1 2 1 1 2 2 2 2 1 1 1 1 1 2 1 1 1 1 2 2 2 2 2 1 1 2 2 2 2 2 1 1 1 1 2 1 2 2 2 2 1 2 1 2 1 2 1 1 2 1 2 2 1 1 1 1 2 2 2 1 2 2 2 1 1 1 1 2 1 2 2 1 2 1 1 2 1 2 1 2 1 2 2 2 2 1 1 2 1 2 1 2 2 2 2 2 1 2 2 1 1 2 1 2 1 1 2 2 2 1 2 1 1 1 1 2 1 2 1 2 1 1 2 2 1 2 1 1 2 2 2 2 1 1 1 1 2 2 1 2 2 1 1 1 1 1 1 1 2 2 1 2 2 2 2 1 1 1 2 2 2 1 1 1 2 2 2 1 2 2 2 1 1 1 1 1 1 2 2 2 1 1 1 1 1 1 1 2 1 1 1 2 1 1 2 2 2 2 1 1 2 1 1 1 1 1 1 1 1 2 1 2 2 2 1 2 1 2 2 1 2 1 1 1 1 2 1 1 2 1 1 1 2 2 1 1 2 2 1 2 2 1 2 1 2 2 1 1 1 1 1 2 2 1 2 1 1 1 2 1 2 2 1 1 2 2 1 2 2 1 1 1 2 2 1 2 2 1 2 2 2 2 1 2 2 2 2 1 1 2 1 1 1 1 2 1 1 1 2 2 1 2 2 1 2 2 2 1 1 1 2 1 1 1 2 2 1 2 2 2 1 2 2 2 2 2 1 1 2 2 2 1 1 1 1 1 1 1 1 2 1 1 1 2 2 2 1 2 2 1 2 1 1 1 2 1 2 1 1 1 2 1 2 2 2 2 1 1 2 2 2 2 1 1 1 1 2 1 2 2 2 2 2 2 1 1 1 2 2 1 2 1 1 1 2 1 1 1 2 2 1 1 2 1 2 1 2 1 2 2 1 1 1 2 2 2 1 2 1 1 2 2 1 1 2 2 1 1 2 2 1 1 2 1 1 2 1 1 2 2 1 1 2 1 2 1 2 1 1 1 1 2 1 1 2 1 1 2 2 1 2 2 1 1 2 1 1 2 2 2 2 2 1 2 2 2 2 1 1 1 1 1 2 2 2 1 1 1 1 2 2 1 2 1 1 1 1 2 1 2 1 1 2 2 1 2 1 2 1 1 2 1 1 1 2 2 2 1 1 2 1 1 2 2 1 2 1 1 2 2 2 1 1 2 1 2 1 1 2 2 2 1 2 1 1 1 1 1 1 2 1 1 1 2 1 1 2 2 1 1 1 2 2 2 2 2 1 1 2 1 2 2 2 1 1 1 2 1 1 2 1 1 1 2 1 1 2 1 1 2 1 1 2 2 1 1 1 1 2 2 1 2 2 2 1 2 1 1 2 1 1 1 2 1 1 1 2 2 2 1 2 2 1 1 2 1 2 1 2 2 2 1 1 2 2 2 1 2 2 1 1 2 2 2 1 2 1 2 2 1 1 1 1 1 2 2 1 2 1 2 2 2 2 2 2 2 1 1 2 1 2 2 1 2 2 1 1 2 1 2 2 2 2 1 1 2 2 2 1 2 2 1 1 1 1 1 2 1 2 2 2 2 2 2 1 1 2 1 1 1 1 2 1 1 1 2 1 2 1 1 1 2 2 1 2 1 2 1 2 2 2 2 1 1 2 2 1 1 1 1 1 2 2 2 1 2 2 2 2 2 1 1 2 2 2 2 2 2 1 1 1 1 1 2 1 1 1 1 1 1 1 2 1 1 1 2 2 1 2 2 2 2 1 1 1 1 2 1 1 1 1 2 2 2 2 1 1 2 1 2 2 1 2 2 2 2 2 2 2 2 2 1 2 2 2 2 1 2 1 2 1 1 1 1 1 1 1 1 2 1 2 1 1 1 1 1 1 2 1 1 2 2 2 1 1 2 2 1 1 1 2 2 1 2 2 2 2 1 2 2 1 2 1 1 1 2 1 2 2 1 1 1 1 2 2 2 2 1 2 1 1 2 1 1 1 1 2 1 1 2 2 2 2 2 2 1 1 2 2 2 2 1 2 1 1 1 2 1 2 2 1 1 1 1 1 2 1 2 1 2 2 2 1 1 2 2 1 2 1 1 2 2 1 1 1
1000 4000
1000 4000
1000 4000
