1000
5 0
1847 1933 2518 2327 3122 
3153 3341 751 2752 285 
4822 1132 117 185 1286 
3546 864 82 3146 3197 
4019 4006 3152 3581 4645 
1375 4681 4407 531 2829 
883 1303 2303 71 3584 
4368 1697 3612 2040 1442 
1342 1782 4234 2501 3035 
277 2940 3754 2023 407 
2484 1909 4136 4604 842 
3568 610 3492 1601 1730 
4667 1022 4312 1716 1004 
2009 1919 189 4363 625 
3737 4438 2993 2471 3801 
4401 235 293 64 2970 
4033 3781 426 3957 4111 
230 2530 152 1989 3219 
1296 125 1290 2598 2013 
291 172 482 4437 3924 
4633 1214 4493 2484 3219 
3547 2324 2094 1207 2545 
1797 388 372 3468 3920 
2070 1637 2430 2624 4038 
3555 1970 2552 4242 1708 
4219 3013 532 4621 1508 
4025 649 468 358 211 
2312 1172 2769 2404 1768 
3305 2098 3113 3533 4887 
4799 866 1064 4519 2345 
4792 2197 4968 3318 4556 
2518 2175 2379 3858 2977 
990 4843 4724 4183 415 
4092 1550 3696 4784 4453 
3027 2057 497 1037 1903 
2046 3540 1742 1549 4367 
4763 4457 3968 4209 1932 
460 4664 2839 2432 1097 
942 1516 4292 3661 3917 
3346 2146 720 3809 2519 
2020 4658 2344 2526 1939 
3125 3986 1068 556 4579 
2767 3013 4028 3787 4714 
1467 1353 379 4940 527 
3742 740 1501 2853 2901 
4781 3434 199 3358 3870 
1067 1267 2717 257 2595 
1940 1665 2118 3018 2378 
1448 1307 877 3095 1055 
376 1690 1023 3315 4540 
3912 4307 2535 531 3645 
2673 624 2788 1505 2838 
165 4170 2935 4070 3375 
3052 4830 3707 4156 2069 
2096 2353 3259 3213 2865 
3834 1623 4074 3323 1518 
4943 4946 2633 338 4029 
1450 24 3772 3317 2229 
1626 2464 2234 4491 2960 
2649 3426 4326 4239 4852 
802 3906 3995 3831 628 
2555 3462 883 4870 500 
1421 2833 3717 967 3497 
926 438 3866 4337 1574 
3739 2681 145 1666 4309 
2443 52 2581 1677 904 
3295 3761 2660 4160 4722 
474 906 1647 4232 1246 
4913 1455 710 3690 1302 
3858 4011 3195 3988 2417 
2024 1725 374 1025 1107 
721 2686 1111 3509 4965 
543 3123 689 2095 1423 
3753 784 1550 974 442 
2614 1760 1562 2092 3696 
3268 1051 1124 1984 1863 
4798 2030 3578 752 3085 
2828 2927 3035 1435 2495 
1529 10 1782 2811 4244 
3662 1094 3587 3351 4802 
1879 720 1689 137 326 
120 268 3759 4344 3027 
1547 3537 1041 3852 3481 
4835 1053 4330 624 81 
2695 22 149 699 4570 
3519 2745 4722 250 4472 
3200 1188 3874 754 2952 
3695 2255 2724 4439 4472 
2216 1878 1716 4381 957 
2176 3660 4477 760 984 
2865 1557 3634 477 2904 
1260 2833 1243 1255 2812 
2786 2510 3646 1791 2024 
3460 3029 2272 1076 1400 
3542 645 343 3086 179 
732 2440 3041 4184 2845 
890 4095 2311 2794 3597 
4499 3045 1837 173 62 
4037 826 3238 3591 131 
686 1804 1534 1585 2040 
4902 3912 2414 3261 2562 
3526 4343 2846 1864 2223 
331 4815 75 3565 1308 
1752 508 3234 226 2408 
935 3031 3986 3762 3207 
2258 2358 2070 2471 58 
7 2243 1573 3647 2322 
1247 4928 1276 2273 4142 
3988 4669 2443 1996 1950 
868 3441 3217 936 3227 
2032 4097 3874 1841 80 
3431 2725 4002 1565 4626 
125 3997 3997 1087 2308 
4591 3939 2567 2222 4543 
1818 4729 3550 859 4688 
329 1668 4410 274 1234 
2389 2446 432 1581 1574 
2231 3038 2509 1758 4395 
657 2745 3622 3476 1665 
4842 3721 3836 138 4744 
4420 4887 3487 2813 4026 
3133 868 3538 4033 3660 
2212 1985 4806 1059 2691 
3745 493 4137 4978 963 
1591 1592 1279 4241 4504 
1583 2211 237 1366 291 
282 2938 1097 4397 2241 
2621 1055 2517 2903 1650 
1969 883 1781 4305 3108 
1163 1127 415 2866 386 
1059 1061 3591 1696 3887 
1856 3143 709 506 866 
1863 2436 728 4211 1123 
2522 2759 145 1246 4434 
1240 4638 3172 1149 750 
3931 628 943 4458 650 
1896 3145 3334 3947 2779 
648 645 2080 525 1886 
4125 2665 106 1241 315 
3583 3008 4762 516 2682 
4125 2275 3553 3470 3079 
3259 2436 4793 4925 4349 
682 3962 1798 1014 821 
2548 4019 1010 1629 1525 
1991 4058 520 1992 2461 
4115 3376 3393 1740 2646 
2015 1160 689 4583 3721 
3822 4201 947 1024 2965 
2851 2382 4640 1433 982 
3044 1229 3288 2220 528 
3852 167 1622 641 3267 
1258 3356 4496 2962 651 
3474 1663 2932 4964 4059 
1691 4296 3744 2592 781 
2638 2810 4018 1630 2501 
2875 693 3223 4610 1903 
4285 2558 1113 348 4479 
3251 3297 534 837 2494 
3962 4601 931 4544 4705 
2982 3275 4176 61 4699 
4645 4863 3052 1208 950 
3350 827 3013 2956 2744 
1757 3706 2212 3061 761 
2142 114 2088 221 430 
4809 1492 2480 1134 2388 
3369 137 2080 4962 2228 
652 2487 731 735 1400 
419 3716 4303 4485 4604 
1227 3578 604 4156 2313 
85 1938 3059 4051 2195 
344 4051 2403 4523 2378 
2356 4910 1059 1629 291 
2107 1824 2443 3855 3393 
4228 413 4031 257 74 
62 999 2157 443 4074 
701 3897 4699 673 4841 
3126 2780 4956 2320 1582 
3091 4741 3812 3886 3019 
359 4831 1511 3021 1779 
1440 4335 3967 4011 229 
4829 2498 2941 4583 814 
839 3393 3687 333 4699 
3992 4900 4980 1164 2863 
1546 3341 2356 2219 3236 
707 667 1327 3310 134 
4367 3921 2475 1386 625 
2401 1665 2998 484 3187 
1994 3743 4973 1831 1290 
4881 521 1364 4729 1220 
965 3721 3655 4455 5 
1625 702 2104 2343 1548 
968 4259 3707 840 2666 
4538 2601 4386 2258 3872 
4294 3501 3951 2903 1641 
1532 2708 3149 1817 1892 
892 4737 1940 2311 2352 
2874 2023 2923 3949 3334 
1335 4054 1620 3125 2730 
473 4188 1881 3527 1804 
3652 952 1160 3020 1746 
4095 1613 358 1508 215 
1514 534 4824 4387 1811 
1423 2901 918 4739 1069 
1267 2308 2357 4879 2175 
1108 700 1637 4081 914 
192 4673 2132 264 2143 
3757 678 3719 3342 570 
3957 357 64 431 1970 
3029 1674 3665 4555 4794 
2623 3933 355 987 3653 
3130 2947 2585 327 4415 
1350 3009 1325 4678 2859 
2068 1259 284 3647 1643 
4223 2078 553 2905 449 
4585 4014 3977 529 252 
440 4416 3716 2429 2221 
828 228 2948 4697 2720 
2167 2761 287 4152 3445 
2430 1032 2116 716 4854 
1313 4563 483 1562 789 
2352 708 4132 1250 2907 
4589 910 835 301 245 
3498 4900 2212 3498 2349 
0 701 3804 4626 1968 
2904 4728 3701 3550 3343 
2497 4814 1729 4588 2292 
796 304 658 1167 3443 
906 1983 476 4565 349 
1175 4702 4315 1349 2991 
2576 3418 4436 3868 2987 
3002 3475 3391 107 2113 
1340 2870 3415 542 2933 
2164 3982 1622 141 2537 
1888 3905 1000 4391 3801 
4370 4576 559 4534 3453 
3735 84 3250 4352 2549 
3690 4706 355 2185 4952 
1208 3178 4336 1024 3656 
1696 2064 4584 493 3093 
2841 4633 289 4905 2801 
3251 1281 4010 4178 243 
2295 2630 2760 4734 3265 
1953 1905 1770 1802 2778 
4950 3001 839 3333 1591 
999 2128 1887 3354 3638 
944 3857 2756 2761 1269 
3387 3802 3815 2919 1359 
2122 4896 4255 408 4702 
3033 778 160 2765 3445 
146 4385 2581 1816 2385 
907 3612 4676 3327 899 
4905 2263 3156 3393 777 
999 1241 251 2173 2454 
1167 4474 4357 4283 1734 
859 3735 1849 4874 556 
1183 4016 1776 3379 4399 
2456 3113 2894 636 963 
3972 4852 1045 4627 2001 
3375 3982 2014 3641 3323 
1005 3931 4635 1852 3141 
4210 1422 3719 607 1370 
4049 3868 3983 2351 206 
2408 3846 4244 787 4496 
235 2680 360 2976 1160 
2065 4931 522 3973 3846 
1123 575 4065 4478 2747 
2341 2228 2249 2713 4734 
4899 3226 644 4923 1642 
1935 4861 318 769 4608 
3656 133 1423 2214 24 
4956 3022 598 599 2380 
1003 4580 849 4272 2588 
1838 1631 4921 788 4900 
3825 2676 2257 2603 3487 
456 2200 1200 377 4647 
3570 2244 1671 3015 572 
4518 2743 2668 4584 4100 
3367 4372 3603 1843 375 
4299 2188 2050 1072 2472 
167 2216 3701 4678 3464 
3421 1057 264 3643 1464 
413 2152 4023 3510 1071 
3002 1231 1643 3559 1104 
3135 257 873 699 2418 
4059 2302 1244 2921 2198 
221 294 2964 1703 4787 
941 956 1746 4897 3077 
3443 4709 4318 4101 47 
3435 440 4790 3005 3401 
1940 1401 3391 1825 699 
416 4533 838 216 3377 
537 2489 4789 2087 3111 
423 4179 3921 4545 2537 
4117 789 3910 1700 2537 
3728 3579 187 4306 4787 
4005 1492 4040 1975 1898 
115 3935 2333 3723 2844 
3783 4036 88 251 4637 
2752 307 1991 645 1126 
548 3958 1055 1509 4321 
2673 3799 1926 2245 145 
3096 73 4958 3990 348 
4063 365 195 4845 267 
3606 2617 912 197 2763 
1716 1872 3137 455 2910 
3634 974 1599 970 41 
1051 4865 2313 4969 378 
1926 423 4182 3152 137 
2332 2937 1516 3295 2324 
4070 4967 3029 1315 1740 
1464 4525 1290 788 4045 
1056 1628 4133 4012 401 
2119 1955 3501 1343 4587 
3351 3494 1424 4337 1592 
3455 288 2339 3962 4829 
2281 2324 824 3842 768 
4206 2660 3981 3373 1596 
910 1561 2936 965 2862 
1313 3129 4718 3588 1937 
2542 626 2117 186 2282 
4202 3212 4215 3434 3104 
1938 1162 421 1070 161 
985 555 3887 1107 2414 
1464 2582 300 1685 4640 
4474 3725 2704 1378 616 
1957 1525 1915 720 2494 
2188 3101 3221 4207 4835 
2924 2736 2805 1680 2482 
4435 2022 3424 4499 1183 
1148 4669 3612 316 4237 
943 2032 660 4280 3615 
777 4475 727 3878 309 
1605 1892 4844 2466 3544 
1518 3930 596 2861 1095 
2403 369 920 683 3521 
855 263 560 4020 577 
1920 1185 4781 891 4494 
1562 44 229 2394 1352 
1636 4549 2586 4344 4864 
3747 3720 3532 2417 2583 
1228 1850 4216 1701 210 
3978 594 3538 4593 4891 
2126 4528 4254 4895 3859 
2341 3881 2880 4812 2581 
2871 1135 2788 2566 1056 
4411 3499 4586 3511 4410 
2601 4009 4051 577 1040 
3588 226 831 4998 4630 
2211 2192 2114 2259 784 
3590 3583 504 1165 4480 
957 4885 2143 937 761 
1708 4812 3965 587 366 
2143 2116 2878 1047 2913 
3416 3676 3681 878 4302 
2395 4743 4236 499 865 
2159 3266 1208 2624 3480 
1651 2360 1672 4246 3768 
3625 1415 2419 2665 4793 
189 1286 529 3831 2933 
2559 685 2018 367 2720 
4221 3238 2449 320 2142 
1191 2000 2699 3353 852 
358 1365 4076 1787 1354 
206 473 1715 147 1579 
1806 3435 688 3137 2951 
3329 1858 1681 1866 2018 
191 3696 10 4041 4822 
2791 1696 2082 2145 748 
4098 985 2474 4952 2242 
930 1171 635 923 3979 
1030 3893 4362 4395 1096 
2309 2176 584 2503 992 
1469 2572 3058 1621 3827 
3266 1172 3072 827 4277 
2575 4098 3445 1122 973 
304 4419 233 3573 1837 
439 903 4184 4134 3642 
3063 2367 3470 167 2548 
825 1284 3955 887 4158 
874 246 2208 934 4030 
2174 1382 3660 4323 876 
3982 386 2226 2860 1694 
1964 4169 1597 3555 648 
1507 638 2487 325 4342 
541 537 2473 1042 4104 
4693 2225 2716 3754 24 
2261 4770 4176 4341 2082 
2356 2185 2677 1996 1040 
908 3418 4315 697 4254 
2510 3305 2596 2132 2277 
4581 1735 3600 883 3587 
4523 3891 3317 4601 1912 
2469 4833 3362 4215 4554 
2683 1783 1149 2292 842 
1946 4438 1018 630 3268 
450 2180 3474 2999 547 
2816 861 358 4825 1361 
4319 4007 364 4393 4734 
849 772 4595 4876 200 
3523 940 533 1569 1329 
3161 3347 4017 697 3354 
550 2188 4782 1218 4296 
1024 3752 1068 2417 2731 
1504 4404 2353 2200 4511 
1469 3587 969 136 3371 
2425 4233 25 1190 4042 
1957 2655 1133 4611 2716 
265 342 1342 4315 2187 
4852 1898 4851 4575 937 
3267 825 3157 3915 3215 
245 1785 1903 3202 3555 
431 4812 975 780 2335 
158 3186 3266 4752 1862 
587 4608 918 374 3738 
4838 123 4517 2230 3013 
3288 3780 507 2396 1527 
1326 4201 2719 3453 4191 
2251 3 2299 4850 1679 
1212 1742 4088 4771 4007 
3821 3380 3585 4596 3323 
1492 612 2058 4597 4115 
1978 3094 271 3740 3849 
1094 1735 4565 4410 3051 
2323 815 2014 724 2785 
887 3687 4844 3228 2620 
4407 3939 3619 4054 1596 
2369 1526 3109 338 3898 
3848 1725 3560 2762 1283 
2815 1895 1847 4756 4816 
2795 2651 4653 2458 3502 
3567 641 3884 538 626 
4330 2139 3267 1967 2209 
3362 73 402 1680 2209 
203 2670 4938 2008 4180 
3905 900 547 2960 1975 
2535 1964 4565 4910 2109 
2299 4516 1975 3688 4136 
3617 1640 353 4796 3161 
945 3216 2139 4030 2401 
3788 112 4830 1174 4185 
1708 3865 623 2751 917 
2475 3061 960 2966 92 
4204 3670 2356 1839 2011 
3530 2875 964 4253 3566 
2817 3182 589 4692 2181 
2294 3446 2935 2077 4542 
1860 1941 4567 2507 900 
2001 2129 4370 1236 158 
3363 1019 358 3259 3247 
882 4828 2363 1877 2559 
3515 3834 3487 3412 1264 
865 4717 2201 569 2527 
1066 4168 4893 3831 4079 
1793 3716 2573 3414 2561 
3692 2695 4946 3529 460 
4038 3870 3788 4943 4013 
839 1873 4736 2735 4449 
3861 46 3606 1759 1170 
4276 4705 3548 1684 3838 
2615 4440 4263 705 314 
4806 4800 2165 3007 134 
2011 3794 233 3988 997 
788 255 4665 935 3421 
1328 4018 303 1267 1257 
3506 4272 2742 3927 116 
3689 1216 52 1 4971 
3249 183 1093 4055 2750 
387 1057 294 2523 2901 
1685 4152 2663 2084 735 
3488 1472 3978 2697 4725 
901 1043 2122 1055 728 
2794 2556 3556 1131 4283 
1468 432 155 4289 2912 
3686 2455 2379 673 678 
2172 1004 1575 4146 3456 
526 3007 4825 4433 3123 
49 4757 3483 2375 2117 
4116 265 3684 3416 4167 
595 403 3275 4469 2503 
4704 2437 3622 4466 294 
4677 920 4278 284 2777 
2167 3609 2644 2130 292 
4751 3503 3021 1000 4979 
3753 113 4376 3901 4425 
590 2662 2793 2287 2309 
4866 2399 2381 4540 1238 
4312 2922 2413 2235 599 
2531 4778 1443 2463 99 
852 2554 3429 487 3870 
2687 122 2663 2146 4068 
3781 2740 1699 3209 3212 
4072 4937 2166 4390 713 
3354 1571 3999 2179 1498 
2635 4289 2532 4404 4191 
2486 571 4812 80 2424 
4287 2982 2873 1117 1796 
3009 2739 1688 3173 569 
9 2776 3852 809 1212 
1306 2301 4473 4615 753 
4914 3926 4028 601 3613 
4241 4870 677 907 3742 
4680 1825 3887 1288 1622 
987 3785 2186 3074 1567 
4769 2039 3837 4058 2719 
1579 3106 3841 4223 1400 
3994 606 2982 221 3791 
1502 1288 1721 606 3939 
1348 600 1580 1592 2432 
3838 430 1628 4230 4733 
2931 2778 1612 4869 562 
2318 1802 889 3792 146 
4061 3844 2675 3633 4940 
585 2666 2480 259 247 
473 584 533 3517 1208 
2997 3150 3120 1801 948 
356 1058 4557 2622 4143 
3919 3441 1354 3965 759 
2312 1017 3251 2980 1344 
3291 2499 4977 456 4951 
1977 2399 2186 4259 548 
4253 211 3158 742 4756 
698 1812 90 4068 4075 
2747 2534 3100 3022 3020 
1372 4045 119 467 2030 
4351 3404 1169 776 2135 
3484 1943 2204 1178 1332 
4476 4955 3932 3168 1139 
3473 3908 1554 1698 3326 
3928 4493 4635 1389 1166 
3420 1487 2731 3062 1481 
4233 4901 4649 4338 3862 
4835 1887 1030 329 707 
821 3875 4544 1167 2182 
2122 2567 3812 3211 553 
1382 3017 1443 251 4794 
3307 4493 1027 4675 2797 
3258 3380 2135 2173 1019 
2545 446 4627 4892 1816 
3297 73 3597 2316 4710 
1512 1714 3223 4913 579 
3894 3588 482 1601 2480 
2664 3832 4725 2469 4694 
3293 3028 3203 1806 4416 
4650 718 510 1761 215 
2022 3350 2034 1189 3018 
4683 1880 2958 1380 3165 
747 1661 865 4233 2827 
4688 2998 1223 603 1270 
2505 1605 4173 2622 640 
2266 460 4986 2059 4263 
4147 3574 4570 2178 1725 
4342 488 4498 4820 3832 
4101 2916 4166 2840 3522 
3503 3152 4557 885 2100 
4859 2101 3930 311 254 
856 331 2926 1507 4659 
4550 3949 626 2115 2838 
2243 1565 4087 416 1819 
2255 706 896 2514 333 
3119 1337 4256 2057 1997 
745 4126 2521 3596 4674 
3418 3663 1755 4097 2628 
690 4832 4374 4846 258 
1161 3557 3121 3079 1784 
903 3042 999 1509 1047 
1777 4873 4161 434 3441 
908 4611 3592 1177 4422 
4259 89 4420 582 4430 
3500 3126 3040 164 3120 
1122 3901 2892 4094 2713 
43 2209 4361 4172 3726 
1728 4560 1419 3989 2792 
373 1396 4115 4204 1716 
4474 1576 2034 2028 4761 
3670 929 368 1653 1041 
4372 1741 3223 3811 3151 
3041 1057 1341 3901 1848 
2558 1437 4210 308 4689 
2797 4556 3600 3452 3318 
1094 2002 774 2437 315 
1854 3705 4017 462 877 
1295 4661 3605 2548 4435 
1749 1228 2973 341 1894 
3903 214 2147 1271 2368 
4773 355 4219 362 1212 
972 1021 2138 3478 1677 
764 1877 1259 3511 91 
2416 1399 818 1281 4527 
3274 1596 2170 718 4911 
1460 730 990 3279 3040 
2367 2897 3893 1183 4430 
649 2672 3405 197 328 
3256 3209 4654 3306 2220 
4682 2340 2512 4114 1982 
2328 3289 4702 3474 3374 
2212 3886 4961 733 91 
2773 4370 4462 2609 795 
3736 3038 3472 4237 3314 
2720 3956 2146 1234 4339 
3625 444 2514 366 2931 
86 3454 3694 4343 4636 
2856 1013 1108 1695 1783 
4470 3196 3062 4442 1793 
802 974 3790 1027 3917 
1087 2989 4121 277 4342 
3525 3504 2874 1833 96 
3111 3520 3814 1400 2687 
2660 4622 624 1613 2753 
2926 3761 1110 4925 4633 
4905 3893 3639 600 1563 
2752 1513 4810 4217 2706 
4494 3168 2372 846 4177 
450 4926 3557 3397 164 
3073 1142 3492 2147 4621 
4738 3053 4545 3176 2377 
2477 1262 1219 3357 4699 
1825 1499 3593 4825 1790 
3986 1450 310 2519 2925 
3477 3574 3190 15 4410 
3175 962 1063 4713 3963 
4865 707 995 2365 860 
1032 1188 493 1781 2183 
3133 4901 2693 1552 4432 
1293 3338 3016 3513 1999 
3586 4354 1261 3715 1577 
175 2032 3438 4180 152 
4224 3555 14 4520 2103 
2252 886 4192 4181 4597 
2960 3998 1396 852 3451 
313 1473 103 3498 4073 
2669 2519 284 941 1141 
2712 2782 3117 1285 3178 
4099 3472 3861 655 2424 
141 1898 4025 4300 2953 
4978 4616 3744 2062 1197 
736 511 1300 110 1684 
4310 339 783 2683 2631 
3742 1977 1441 2202 3977 
4658 2078 1727 1714 3699 
661 3937 3917 4162 3608 
3682 2726 79 424 1899 
244 1742 1080 1571 857 
633 3205 2077 4631 2832 
3747 1743 4811 1861 2606 
3989 3270 2350 3834 2229 
2509 2534 4474 284 3577 
6 1531 2774 1285 1352 
3363 2596 3023 1524 1689 
2278 842 2457 3667 1709 
1465 2253 36 3073 1468 
1688 26 4523 3431 2816 
724 4322 3321 1938 1046 
2171 2202 1640 345 3293 
264 1826 4362 168 4984 
968 4277 4354 2246 1072 
184 3425 1609 3630 4192 
2861 3085 1078 1654 4198 
3357 3307 3368 3630 2560 
1749 246 2629 2738 3074 
4291 4085 3017 3868 4203 
543 1980 2530 2569 2937 
2567 694 1170 2097 4413 
4063 328 984 1237 1285 
660 3319 887 958 2306 
3432 735 3351 4939 546 
4791 3067 2485 3113 29 
931 3365 2235 2588 640 
1222 4087 3937 2638 4457 
4891 4586 730 849 425 
4678 4767 4744 832 151 
3581 3266 4396 289 4711 
4507 4225 104 2336 1123 
3153 4556 1086 875 2429 
4825 3847 2660 1340 2975 
3270 1372 3033 1121 338 
4508 3934 320 1231 4406 
3977 526 4291 1302 3247 
4109 3641 654 924 990 
3812 3807 765 1008 4206 
1841 4877 2929 1039 2957 
4661 3978 2290 616 303 
3432 4205 3076 4938 3623 
2265 470 3284 143 3989 
3019 2223 1216 963 4819 
1885 277 1364 1690 3662 
224 874 1246 2990 896 
1274 3000 671 848 3233 
1730 4959 1620 1783 1297 
3492 3796 953 2741 128 
49 1664 2859 4487 1544 
4491 3524 4632 2398 3803 
3357 3610 4920 4697 4464 
89 4660 2543 3018 380 
4503 4735 1131 119 2781 
1756 1434 95 2838 4474 
2512 2555 2365 107 3292 
600 1518 3499 2459 1403 
362 299 3044 2834 1074 
3124 1551 4872 4139 1116 
3633 2294 4358 1109 3486 
59 2154 4452 2433 2438 
3422 2697 963 4668 1358 
4088 1501 2250 2180 3667 
4226 2281 380 1217 4433 
2952 4148 3675 3333 991 
4519 2610 746 160 73 
3473 3455 4754 4476 1123 
750 4995 3246 905 3766 
1044 4466 4790 4968 4674 
237 4898 4904 27 4230 
3655 2277 713 1722 324 
4410 1519 4704 2497 1417 
1328 1471 148 2417 4532 
210 479 2833 1816 4882 
2839 1388 1862 4240 4355 
1191 3170 51 2609 4322 
771 2938 3084 1319 657 
2480 563 1128 1180 3825 
1831 4217 4256 575 938 
540 1938 1845 1568 2347 
3649 4108 2430 1259 2971 
3973 2502 3743 2217 2877 
4333 3893 1958 4635 4964 
1081 662 797 1701 989 
4464 4821 869 429 2516 
4682 1847 1458 1840 124 
3648 1099 4385 3418 4269 
553 206 603 1766 4284 
2720 4139 1089 3568 429 
409 1765 2160 4086 511 
3554 2681 1683 4384 930 
1166 710 1442 1495 1539 
785 3748 4640 713 3883 
3859 311 3568 2354 4460 
256 114 2871 1458 3939 
3864 167 1267 2196 4455 
3641 974 3544 1889 3169 
3452 4869 4040 778 2643 
3129 4924 472 2098 2034 
4552 1541 1106 1354 3296 
4070 1534 1774 3129 2582 
2190 2948 3862 3388 1855 
4519 3549 4201 4753 4378 
3871 4890 2911 673 2819 
2971 2560 4877 2004 3994 
3713 3302 1990 772 2208 
4318 1466 3692 1051 16 
4408 3508 2996 2788 3436 
3274 21 3850 4495 3718 
171 4744 776 798 3334 
3445 2416 3416 4683 1429 
1849 4596 1133 2921 74 
131 2360 4613 1994 57 
1290 792 2996 2632 3545 
2648 1909 2026 733 2529 
2537 4479 1941 1186 4861 
1827 4720 3078 956 1901 
3006 4298 4130 2141 2668 
1053 3725 4922 995 2176 
3374 1934 3695 744 3151 
581 4666 2102 119 404 
3574 2188 328 3101 1276 
3694 2757 2947 3410 3362 
552 3835 3951 12 3913 
4947 3319 1551 81 1631 
2267 2430 3965 1081 3076 
4391 1521 3329 2996 79 
1390 2667 4790 1369 2520 
4066 2960 1637 4607 4785 
4206 1156 4229 2512 3809 
1304 1189 2380 3200 431 
381 2884 730 3008 297 
262 4572 4972 4336 2605 
3979 4211 3255 4403 4725 
1035 3015 4168 92 2190 
795 3361 2576 755 576 
4507 1924 162 1169 4723 
3432 1096 4508 3460 212 
3107 4086 1338 3114 2195 
4509 3503 1028 281 1644 
1398 3407 1024 3737 3287 
3002 4373 3768 2780 4721 
77 1947 4460 4346 1862 
3461 752 2683 4092 1808 
4456 2612 4837 500 2144 
177 3676 3658 452 2722 
3275 1290 497 4114 2793 
2109 3039 3735 1546 2980 
4462 1411 69 1457 139 
3533 4529 3404 4498 1290 
688 4679 3123 3513 3520 
427 2054 4429 4953 1380 
3790 868 28 466 4143 
2390 2427 2933 1420 945 
4291 3465 2373 1254 527 
2637 264 1491 838 1729 
732 223 4547 1600 4389 
4199 4483 2976 3259 52 
186 2170 7 4840 1273 
1551 1760 4782 1944 2518 
3604 4317 2058 1963 790 
2370 3155 4781 2213 4019 
4880 2595 1883 4485 2803 
225 2635 3414 1186 2499 
2014 4777 4908 406 2060 
668 1581 1776 898 1006 
1186 3892 976 2651 1476 
4158 2053 258 1307 3317 
4294 3729 1559 739 1482 
2779 3523 3950 2897 3962 
1014 490 1289 706 1672 
523 2398 2568 3037 2189 
3833 3338 865 1402 3774 
3094 3481 4827 4338 3490 
468 1603 3580 2961 4213 
1894 3172 738 4768 2311 
3200 23 898 1016 4980 
2587 140 299 4106 1004 
4944 909 517 601 216 
1404 238 2157 4749 2410 
1128 3112 3208 1676 2282 
326 1589 3377 3559 3068 
3258 3609 2526 1750 2595 
3224 2106 2611 1209 2613 
3501 3302 4904 1979 2372 
4880 2584 4251 1662 2844 
3108 4977 474 346 2712 
3199 36 4709 1470 4212 
1247 908 1153 3017 2166 
2804 2246 4677 375 3532 
4493 3834 1595 1535 1415 
3505 1485 689 4044 2352 
4105 509 965 3641 3026 
260 2759 1125 3146 2398 
3563 590 1582 669 3279 
2477 2836 3728 4091 4560 
3276 1180 1437 3708 4302 
4774 2318 3028 2555 4456 
3490 3571 2258 4571 4378 
3975 3748 646 847 1327 
1187 4128 979 1036 1610 
2809 1569 1691 3050 251 
2688 2192 216 3076 327 
781 3159 3191 1457 3951 
4468 249 2139 3918 818 
638 2153 925 1571 4951 
1422 1972 127 2428 299 
2997 2420 4150 4780 2219 
1182 4854 763 3745 1808 
1661 1327 4972 3358 4820 
1053 3990 4374 2614 3072 
3842 3604 3122 2342 668 
3143 1636 734 133 1886 
2010 3866 1447 214 3066 
2397 4064 4432 3072 2842 
3650 3470 997 2990 1838 
2958 1149 1634 1107 275 
3464 990 1674 3333 4297 
2566 4169 3797 1379 3612 
2496 1537 4580 3578 3031 
3032 3242 624 3416 4551 
3805 168 3870 1879 2214 
4072 1585 930 4349 3541 
3542 1801 2772 417 1772 
1165 4975 117 33 3108 
2730 4573 4619 589 3950 
1420 3375 4336 3886 2454 
846 4541 3172 2139 166 
3367 4824 3501 4190 450 
2291 3101 4935 1569 4766 
2185 3731 4865 1889 422 
2141 1228 1963 1546 1893 
3562 3851 2174 611 4524 
1706 99 143 1546 1970 
4219 3089 3521 4876 1516 
4731 3717 3797 2927 4776 
1199 816 13 1741 4389 
4081 3507 1545 80 3008 
206 3507 4867 4709 4537 
4528 2711 4747 4201 2971 
2722 1872 354 3144 3677 
3100 2218 2373 2706 2446 
1898 5 3562 1021 1215 
4143 205 4404 1043 4637 
2741 1897 2957 1473 649 
69 35 2192 2290 3446 
1963 1874 151 2494 1514 
4061 339 4838 44 4468 
1834 186 1480 527 878 
2213 4351 3566 3592 2535 
56 2085 4064 4196 4607 
3992 2519 3191 1045 1337 
4362 339 4519 1627 3391 
3330 3650 2900 3703 3228 
2168 3830 2487 2003 3560 
4190 4524 4549 166 3303 
3317 4853 2808 3477 4661 
2773 2105 228 2285 1512 
4177 4223 3770 4431 3709 
4853 1348 3936 395 3514 
1909 3493 1173 3988 631 
4505 2552 2488 1918 4986 
4349 4310 3286 4843 4315 
2216 1683 4097 3410 2020 
1194 1706 3988 4143 2685 
3699 2877 4686 1463 4804 
548 2361 1721 2326 3599 
220 2406 1616 4603 759 
3913 798 1542 1806 2218 
2960 912 1577 3719 2730 
756 3507 1779 2362 3350 
953 4157 3700 1005 3693 
279 4475 2198 3595 76 
1281 3194 4211 2341 1054 
2112 791 2015 2766 165 
3079 4512 1707 708 4250 
541 4421 436 1955 1941 
2416 2977 2586 3385 143 
1465 3429 3204 9 349 
3698 3936 942 2647 4002 
3167 3648 3921 1516 3982 
2441 4743 934 1694 1244 
1107 1563 174 1961 1605 
4222 3898 1534 4150 3815 
1307 3195 4066 3448 1603 
4934 1939 2854 2523 3127 
2143 4262 1000 2547 1357 
282 2623 1712 4597 1309 
2263 3457 3317 4680 700 
876 1160 4687 4528 1100 
4441 1152 2858 3390 1993 
134 3076 4399 471 348 
2532 1856 2897 1191 3589 
889 700 2004 2565 2100 
119 3304 2465 4173 2157 
4361 4017 4616 2813 45 
3514 2226 133 2721 850 
4338 2522 3823 3846 4040 
304 3179 3739 3935 2289 
4631 3227 549 2809 722 
737 2409 3357 3100 4442 
2347 416 4143 3627 1572 
2617 730 87 4305 3160 
492 4735 2899 4821 3709 
363 1068 1413 333 4678 
1317 2910 450 805 2797 
3852 2509 659 2597 4337 
4721 1199 2383 570 3264 
87 309 1176 101 3089 
1437 1346 1940 449 123 
3863 2916 2436 3909 1222 
4578 4899 1263 460 739 
3313 4378 548 4924 4313 
74 1454 1894 2884 2355 
4895 2110 1063 4813 515 
2042 3448 1757 4111 1386 
1034 4284 3897 639 2802 
1317 1744 1939 393 4731 
1556 2783 4628 4968 2051 
1119 4164 2982 1293 1792 
3295 4313 4645 776 4191 
1851 4215 1021 2223 3533 
3336 4178 1219 3872 1990 
4281 574 348 153 1020 
4580 2871 737 4685 2486 
1652 1414 4451 4007 3694 
2642 4667 4 3306 3532 
1444 3013 3254 1065 4387 
1894 1585 4378 4034 4982 
187 4423 73 4097 1257 
4771 918 1018 5000 2001 
3787 4040 4569 969 1247 
3949 668 341 1334 2845 
1655 3566 2924 3548 193 
193 4108 2315 3512 1203 
4567 2254 3890 1025 1529 
225 760 2202 2454 4637 
2719 2062 3582 83 393 
2472 2410 4835 3707 4613 
563 1544 4958 2549 2801 
392 2266 1755 2876 574 
3924 3738 2186 3703 1298 
2530 2410 150 1404 3018 
3753 3786 3313 715 4883 
720 2458 1159 2149 3393 
4958 3632 1521 100 2202 
4858 4103 4420 2534 1125 
3093 946 3289 243 1115 
4253 4939 4341 1652 2820 
3227 3981 2729 1510 100 
2313 122 3204 1804 865 
441 3207 137 1225 1437 
1832 1166 1764 1982 513 
3543 4914 1481 801 1780 
4677 4651 2968 4699 3779 
3710 296 3597 1006 1377 
43 813 1556 3543 727 
1302 3354 2271 2503 4457 
3375 959 2796 1360 4879 
3070 1948 2063 1118 846 
2 2 2 2 1 1 2 2 2 1 2 1 2 1 2 1 2 1 1 2 1 1 2 2 1 2 2 1 1 2 2 1 1 2 1 1 2 2 1 2 1 2 1 1 1 1 2 1 2 2 2 1 1 1 2 2 2 2 1 2 2 1 1 2 1 2 2 1 2 2 2 1 1 1 2 2 2 1 2 2 1 1 1 2 2 1 2 1 1 1 2 2 1 1 1 1 2 1 2 2 2 1 1 2 2 2 2 2 2 2 1 1 1 1 1 2 2 1 1 1 2 2 1 1 2 2 2 2 1 1 1 1 2 2 2 2 2 1 2 1 2 2 2 2 2 2 2 1 1 1 2 1 1 2 2 1 2 1 1 2 2 1 1 1 1 1 2 2 2 2 1 2 2 1 2 1 1 2 1 2 1 1 2 1 1 2 1 2 2 2 1 2 2 2 1 1 1 1 2 2 2 2 2 2 2 2 2 2 2 1 1 2 2 2 2 1 2 1 2 1 2 2 1 2 1 2 1 2 1 1 1 2 1 1 2 1 1 1 2 1 2 2 1 1 1 2 1 1 1 2 1 1 2 2 2 1 1 1 2 1 2 1 1 2 2 1 1 2 1 1 2 1 2 2 1 1 2 1 2 2 1 1 2 2 1 1 1 1 1 1 1 1 2 2 1 2 2 1 1 2 1 1 1 1 2 1 2 2 2 2 2 2 2 1 2 1 1 2 2 2 2 2 1 1 2 2 2 2 2 2 2 2 2 1 1 2 1 2 2 2 2 1 1 1 1 1 2 1 1 1 2 1 2 2 2 2 2 1 2 1 2 2 1 1 2 2 2 1 2 2 2 2 1 1 1 2 2 2 2 2 2 1 2 2 2 1 1 2 2 1 2 1 1 1 1 2 1 2 1 2 1 1 2 1 1 1 1 1 1 1 2 1 2 2 2 1 2 2 1 1 1 1 1 1 2 2 1 1 2 2 1 2 2 2 1 2 2 1 1 1 2 2 1 1 1 2 1 1 1 2 2 2 1 1 2 2 1 1 2 1 1 2 2 1 2 1 1 2 1 2 1 1 2 2 2 2 2 1 2 2 1 2 1 1 2 2 1 1 2 2 1 2 1 2 2 2 2 1 2 1 1 2 2 2 2 2 1 1 1 2 1 1 1 2 2 1 1 1 1 2 2 1 2 2 2 1 1 2 2 1 2 1 2 2 1 1 2 1 1 1 1 1 1 1 1 2 1 1 2 1 1 2 1 2 1 1 2 1 1 1 1 1 2 1 1 1 2 1 2 1 2 1 2 2 1 2 2 1 2 1 1 2 1 1 1 2 2 1 1 2 2 2 2 2 1 1 2 2 1 2 1 1 2 1 1 2 2 1 2 1 1 1 1 1 2 1 1 2 1 1 2 2 1 1 1 2 2 1 2 2 2 1 2 2 1 1 2 2 1 1 1 2 2 2 1 2 1 2 2 2 2 1 2 1 2 1 1 2 2 1 2 1 1 1 1 2 2 1 2 1 2 2 1 2 2 1 2 2 2 1 1 2 1 1 1 2 2 1 2 1 1 2 2 2 1 2 2 1 2 1 1 1 1 2 1 1 1 1 2 2 2 1 1 2 2 1 1 2 2 2 2 1 1 2 2 1 1 2 2 1 1 1 1 1 2 2 1 1 2 2 1 2 1 1 2 2 2 1 1 1 2 1 1 1 1 1 2 2 2 2 1 1 2 1 2 1 1 2 1 1 1 1 2 2 1 1 2 2 1 2 2 1 2 1 2 1 1 2 2 2 2 2 1 2 2 1 2 2 2 1 2 1 2 1 1 1 1 1 2 1 1 2 1 1 2 2 1 1 1 2 2 1 2 1 2 1 1 1 1 1 1 2 1 1 1 2 1 1 1 2 2 1 2 1 2 2 1 2 2 2 1 1 2 2 2 2 2 2 2 2 1 1 2 1 1 2 2 2 1 1 1 1 2 1 1 2 2 2 2 1 2 1 2 1 1 2 1 1 1 2 1 1 2 1 2 2 2 1 1 2 1 2 1 1 2 1 1 1 1 2 2 1 2 1 1 2 2 1 2 1 1 1 1 2 2 1 1 2 1 2 2 2 2 2 2 1 1 2 1 1 1 1 1 2 2 2 2 2 2 1 2 1 2 2 2 1 2 1 2 2 1 2 1 1 2 2 2 1 2 2 2 2 1 1 1 2 2 1 1 2 1 2 2 1 1 1 2 2 1 2 1 2 1 1 2 1 1 1 2 1
1000 4000
1000 4000
1000 4000
1000 4000
1000 4000
